Date,Filename,Total,Additions,Deletions
2020-02-01,README.md,4,2,2
2020-02-01,package.json,2,1,1
2020-02-01,alpine-ie11.js,2,1,1
2020-02-01,alpine-ie11.js.map,2,1,1
2020-02-01,alpine.js,2,1,1
2020-02-01,alpine.js.map,2,1,1
2020-02-01,utils.js,4,3,1
2020-02-01,README.md,4,2,2
2020-02-01,package.json,2,1,1
2020-02-01,alpine-ie11.js,2,1,1
2020-02-01,alpine-ie11.js.map,2,1,1
2020-02-01,alpine.js,2,1,1
2020-02-01,alpine.js.map,2,1,1
2020-02-01,component.js,47,22,25
2020-02-01,show.js,33,25,8
2020-02-01,index.js,6,6,0
2020-02-01,constructor.spec.js,25,25,0
2020-02-01,lifecycle.spec.js,42,4,38
2020-02-01,alpine-ie11.js,2,1,1
2020-02-01,alpine-ie11.js.map,2,1,1
2020-02-01,alpine.js,2,1,1
2020-02-01,alpine.js.map,2,1,1
2020-02-01,component.js,47,22,25
2020-02-01,show.js,33,25,8
2020-02-01,index.js,6,6,0
2020-02-01,constructor.spec.js,25,25,0
2020-02-01,lifecycle.spec.js,42,4,38
2020-02-01,README.md,2,1,1
2020-02-01,package.json,2,1,1
2020-02-01,README.md,6,6,0
2020-02-01,README.md,2,1,1
2020-02-01,README.md,2,1,1
2020-02-01,README.md,20,19,1
2020-02-01,alpine-ie11.js,2,1,1
2020-02-01,alpine-ie11.js.map,2,1,1
2020-02-01,alpine.js,2,1,1
2020-02-01,alpine.js.map,2,1,1
2020-02-01,package.json,2,1,1
2020-02-01,utils.js,244,219,25
2020-02-01,transition.spec.js,171,171,0
2020-02-01,alpine-ie11.js,2,1,1
2020-02-01,alpine-ie11.js.map,2,1,1
2020-02-01,alpine.js,2,1,1
2020-02-01,alpine.js.map,2,1,1
2020-02-01,utils.js,27,24,3
2020-02-01,index.html,7,5,2
2020-02-01,alpine-ie11.js,2,1,1
2020-02-01,alpine-ie11.js.map,2,1,1
2020-02-01,alpine.js,2,1,1
2020-02-01,alpine.js.map,2,1,1
2020-02-01,index.html,7,2,5
2020-02-01,package.json,2,1,1
2020-02-01,utils.js,223,198,25
2020-02-01,transition.spec.js,171,171,0
2020-02-01,README.md,6,2,4
2020-02-01,alpine-ie11.js,14,14,0
2020-02-01,alpine-ie11.js.map,1,1,0
2020-02-01,alpine.js,2,1,1
2020-02-01,alpine.js.map,2,1,1
2020-02-01,index.html,4,4,0
2020-02-01,package-lock.json,2920,2506,414
2020-02-01,package.json,74,43,31
2020-02-01,rollup-ie11.config.js,50,50,0
2020-02-01,rollup.config.js,5,5,0
2020-02-01,component.js,26,25,1
2020-02-01,model.js,3,2,1
2020-02-01,polyfills.js,8,8,0
2020-02-01,README.md,5,2,3
2020-02-01,README.html,417,0,417
2020-02-01,alpine_ie11.js,14,0,14
2020-02-01,alpine_ie11.js.map,1,0,1
2020-02-01,alpine-ie11.js,14,14,0
2020-02-01,alpine-ie11.js.map,1,1,0
2020-02-01,alpine.js,2,1,1
2020-02-01,alpine.js.map,2,1,1
2020-02-01,index.html,4,4,0
2020-02-01,index_ie11.html,345,0,345
2020-02-01,package-lock.json,41,30,11
2020-02-01,package.json,4,2,2
2020-02-01,rollup-ie11.config.js,11,4,7
2020-02-01,rollup.config.js,54,26,28
2020-02-01,component.js,8,3,5
2020-02-01,model.js,2,1,1
2020-02-01,polyfills.js,5,2,3
2020-02-01,README.md,8,7,1
2020-02-01,alpine.js.map,2,1,1
2020-02-01,index.html,21,21,0
2020-02-01,component.js,35,34,1
2020-02-01,show.js,63,47,16
2020-02-01,show.spec.js,88,87,1
2020-02-01,transition.spec.js,2,2,0
2020-02-01,README.md,2,1,1
2020-02-01,package.json,2,1,1
2020-02-01,alpine.js,2,1,1
2020-02-01,alpine.js.map,2,1,1
2020-02-01,index.html,3,0,3
2020-02-01,show.js,35,17,18
2020-02-01,show.spec.js,26,26,0
2020-02-01,alpine-ie11.js,2,0,2
2020-02-01,alpine-ie11.js.map,1,0,1
2020-02-01,alpine_ie11_polyfills.js,14,0,14
2020-02-01,alpine_ie11_polyfills.js.map,1,0,1
2020-02-01,README.md,6,6,0
2020-02-01,README.md,2,1,1
2020-02-01,package.json,2,1,1
2020-02-01,alpine.js,2,1,1
2020-02-01,alpine.js.map,2,1,1
2020-02-01,index.html,24,24,0
2020-02-01,component.js,35,34,1
2020-02-01,show.js,60,46,14
2020-02-01,show.spec.js,62,61,1
2020-02-01,transition.spec.js,2,2,0
2020-02-01,alpine.js,2,1,1
2020-02-01,alpine.js.map,2,1,1
2020-02-01,index.html,24,24,0
2020-02-01,transition.html,86,0,86
2020-02-01,show.js,2,1,1
2020-02-01,alpine.js,2,1,1
2020-02-01,alpine.js.map,2,1,1
2020-02-01,transition.html,86,86,0
2020-02-01,component.js,35,34,1
2020-02-01,show.js,60,46,14
2020-02-01,show.spec.js,62,61,1
2020-02-01,transition.spec.js,2,2,0
2020-02-01,README.md,9,2,7
2020-02-01,alpine.js.map,2,1,1
2020-02-01,alpine_ie11.js,14,14,0
2020-02-01,alpine_ie11.js.map,1,1,0
2020-02-01,alpine_ie11_polyfills.js,14,14,0
2020-02-01,alpine_ie11_polyfills.js.map,1,1,0
2020-02-01,index_ie11.html,9,1,8
2020-02-01,index_ie11_event.html,136,0,136
2020-02-01,package-lock.json,2804,2391,413
2020-02-01,package.json,76,43,33
2020-02-01,rollup_ie11.config.js,86,45,41
2020-02-01,polyfills.js,9,9,0
2020-02-01,package-lock.json,112,83,29
2020-02-01,package.json,5,2,3
2020-02-01,package-lock.json,205,105,100
2020-02-01,package.json,8,5,3
2020-02-01,rollup.config.js,41,0,41
2020-02-01,package-lock.json,205,105,100
2020-02-01,package.json,8,5,3
2020-02-01,rollup.config.js,41,0,41
2020-02-01,rollup_ie11.config.js,49,49,0
2020-02-01,rollup_ie11.config.js,49,49,0
2020-02-01,README.md,2,1,1
2020-02-01,alpine-ie11.js,2,1,1
2020-02-01,alpine-ie11.js.map,2,1,1
2020-02-01,alpine.js,2,1,1
2020-02-01,alpine.js.map,2,1,1
2020-02-01,package.json,2,1,1
2020-02-01,component.js,34,8,26
2020-02-01,on.js,12,8,4
2020-02-01,utils.js,23,23,0
2020-02-01,on.spec.js,53,52,1
2020-02-01,README.md,2,1,1
2020-02-01,package.json,2,1,1
2020-02-01,alpine.js,2,1,1
2020-02-01,alpine.js.map,2,1,1
2020-02-01,on.js,8,4,4
2020-02-01,on.spec.js,28,27,1
2020-02-01,README.md,2,1,1
2020-02-01,package.json,2,1,1
2020-02-01,alpine.js,2,1,1
2020-02-01,alpine.js.map,2,1,1
2020-02-01,component.js,2,1,1
2020-02-01,on.js,8,6,2
2020-02-01,on.spec.js,25,25,0
2020-02-01,alpine.js,2,1,1
2020-02-01,alpine.js.map,2,1,1
2020-02-01,alpine.js.map,2,1,1
2020-02-01,component.js,32,7,25
2020-02-01,utils.js,23,23,0
2020-02-01,alpine.js,2,1,1
2020-02-01,alpine.js.map,2,1,1
2020-02-01,component.js,32,7,25
2020-02-01,utils.js,23,23,0
2020-02-01,README.md,10,7,3
2020-02-01,index_ie11.html,8,4,4
2020-02-01,alpine-ie11.js,2,1,1
2020-02-01,alpine-ie11.js.map,2,1,1
2020-02-01,alpine.js,2,1,1
2020-02-01,alpine.js.map,2,1,1
2020-02-01,index_ie11.html,2,1,1
2020-02-01,package-lock.json,38,37,1
2020-02-01,package.json,1,1,0
2020-02-01,rollup.config.js,37,20,17
2020-02-01,component.js,35,18,17
2020-02-01,alpine-ie11.js,2,1,1
2020-02-01,alpine-ie11.js.map,2,1,1
2020-02-01,alpine.js,2,1,1
2020-02-01,alpine.js.map,2,1,1
2020-02-01,model.js,4,2,2
2020-02-01,rollup.config.js,2,1,1
2020-02-01,component.js,12,4,8
2020-02-01,component.js,40,22,18
2020-02-01,index_ie11.html,26,25,1
2020-02-01,package-lock.json,38,37,1
2020-02-01,package.json,1,1,0
2020-02-01,rollup.config.js,37,20,17
2020-02-01,component.js,29,15,14
2020-02-01,index_ie11.html,26,25,1
2020-02-01,alpine-ie11.js,2,1,1
2020-02-01,alpine-ie11.js.map,2,1,1
2020-02-01,alpine.js,2,1,1
2020-02-01,alpine.js.map,2,1,1
2020-02-01,index_ie11.html,5,2,3
2020-02-01,component.js,8,5,3
2020-02-01,model.js,3,2,1
2020-02-01,alpine-ie11.js,2,1,1
2020-02-01,alpine-ie11.js.map,2,1,1
2020-02-01,alpine.js,2,1,1
2020-02-01,alpine.js.map,2,1,1
2020-02-01,bind.js,2,1,1
2020-02-01,index_ie11.html,45,4,41
2020-02-01,index_ie11.html,7,1,6
2020-02-01,index_ie11.html,5,2,3
2020-02-01,index_ie11_event.html,18,18,0
2020-02-01,alpine-ie11.js,2,1,1
2020-02-01,alpine-ie11.js.map,2,1,1
2020-02-01,alpine.js,2,1,1
2020-02-01,alpine.js.map,2,1,1
2020-02-01,index_ie11.html,13,12,1
2020-02-01,index_ie11_event.html,118,118,0
2020-02-01,model.js,2,1,1
2020-02-01,alpine-ie11.js,2,1,1
2020-02-01,alpine-ie11.js.map,2,1,1
2020-02-01,alpine.js,2,1,1
2020-02-01,alpine.js.map,2,1,1
2020-02-01,index_ie11.html,13,12,1
2020-02-01,index_ie11_event.html,118,118,0
2020-02-01,model.js,2,1,1
2020-02-01,alpine.js,2,1,1
2020-02-01,alpine.js.map,2,1,1
2020-02-01,component.js,32,7,25
2020-02-01,utils.js,23,23,0
2020-02-01,alpine.js,2,1,1
2020-02-01,alpine.js.map,2,1,1
2020-02-01,component.js,2,1,1
2020-02-01,on.js,8,6,2
2020-02-01,on.spec.js,25,25,0
2020-02-01,alpine-ie11.js,2,1,1
2020-02-01,alpine-ie11.js.map,2,1,1
2020-02-01,alpine.js,2,1,1
2020-02-01,alpine.js.map,2,1,1
2020-02-01,README.html,23,16,7
2020-02-01,README.md,2,1,1
2020-02-01,alpine.js.map,2,1,1
2020-02-01,package.json,2,1,1
2020-02-01,bind.js,2,1,1
2020-02-01,show.js,24,14,10
2020-02-01,transition.spec.js,98,98,0
2020-02-01,alpine.js,2,1,1
2020-02-01,alpine.js.map,2,1,1
2020-02-01,README.html,23,16,7
2020-02-01,README.md,2,1,1
2020-02-01,alpine.js.map,2,1,1
2020-02-01,package.json,2,1,1
2020-02-01,show.js,24,14,10
2020-02-01,transition.spec.js,98,98,0
2020-02-01,alpine.js,2,1,1
2020-02-01,alpine.js.map,2,1,1
2020-02-01,bind.js,2,1,1
2020-02-01,alpine.js,2,1,1
2020-02-01,alpine.js.map,2,1,1
2020-02-01,bind.js,2,1,1
2020-02-01,README.md,2,1,1
2020-02-01,package.json,2,1,1
2020-02-01,alpine.js,2,1,1
2020-02-01,alpine.js.map,2,1,1
2020-02-01,show.js,24,14,10
2020-02-01,transition.spec.js,98,98,0
2020-02-01,alpine-ie11.js,2,1,1
2020-02-01,alpine-ie11.js.map,2,1,1
2020-02-01,alpine.js,2,1,1
2020-02-01,alpine.js.map,2,1,1
2020-02-01,component.js,6,3,3
2020-02-01,alpine-ie11.js,2,1,1
2020-02-01,alpine-ie11.js.map,2,1,1
2020-02-01,alpine.js,2,1,1
2020-02-01,alpine.js.map,2,1,1
2020-02-01,index_ie11.html,361,361,0
2020-02-01,index_ie11.html,366,0,366
2020-02-01,component.js,15,11,4
2020-02-01,alpine-ie11.js.map,2,1,1
2020-02-01,alpine.js.map,2,1,1
2020-02-01,index_ie11.html,29,18,11
2020-02-01,component.js,2,0,2
2020-02-01,alpine-ie11.js,2,1,1
2020-02-01,alpine-ie11.js.map,2,1,1
2020-02-01,alpine.js,2,1,1
2020-02-01,alpine.js.map,2,1,1
2020-02-01,index_ie11.html,576,282,294
2020-02-01,component.js,17,13,4
2020-02-01,alpine.js,2,1,1
2020-02-01,alpine.js.map,2,1,1
2020-02-01,show.js,24,14,10
2020-02-01,transition.spec.js,98,98,0
2020-02-01,alpine-ie11.js,2,1,1
2020-02-01,alpine-ie11.js.map,2,1,1
2020-02-01,alpine.js,2,1,1
2020-02-01,alpine.js.map,2,1,1
2020-02-01,index_ie11.html,63,45,18
2020-02-01,component.js,4,4,0
2020-02-01,alpine-ie11.js,2,1,1
2020-02-01,alpine-ie11.js.map,2,1,1
2020-02-01,alpine.js,2,1,1
2020-02-01,alpine.js.map,2,1,1
2020-02-01,component.js,2,1,1
2020-01-01,README.md,24,18,6
2020-01-01,README.md,24,18,6
2020-01-01,README.md,2,1,1
2020-01-01,README.md,12,12,0
2020-01-01,README.md,10,5,5
2020-01-01,README.md,10,5,5
2020-01-01,alpine-ie11.js,2,1,1
2020-01-01,alpine-ie11.js.map,2,1,1
2020-01-01,alpine.js,2,1,1
2020-01-01,alpine.js.map,2,1,1
2020-01-01,README.md,4,2,2
2020-01-01,alpine.js.map,2,1,1
2020-01-01,package.json,2,1,1
2020-01-01,component.js,18,14,4
2020-01-01,bind.js,2,1,1
2020-01-01,data.spec.js,44,43,1
2020-01-01,README.md,4,2,2
2020-01-01,alpine.js,2,1,1
2020-01-01,alpine.js.map,2,1,1
2020-01-01,package.json,2,1,1
2020-01-01,component.js,20,15,5
2020-01-01,bind.js,2,1,1
2020-01-01,index.js,2,1,1
2020-01-01,data.spec.js,44,43,1
2020-01-01,mutations.spec.js,25,25,0
2020-01-01,strict-mode.spec.js,30,30,0
2020-01-01,README.md,2,1,1
2020-01-01,package.json,2,1,1
2020-01-01,alpine.js,2,1,1
2020-01-01,alpine.js.map,2,1,1
2020-01-01,component.js,18,14,4
2020-01-01,data.spec.js,44,43,1
2020-01-01,alpine.js,2,1,1
2020-01-01,alpine.js.map,2,1,1
2020-01-01,README.md,2,1,1
2020-01-01,package.json,2,1,1
2020-01-01,index.js,2,1,1
2020-01-01,mutations.spec.js,25,25,0
2020-01-01,data.spec.js,31,27,4
2020-01-01,alpine.js,2,1,1
2020-01-01,alpine.js.map,2,1,1
2020-01-01,component.js,26,10,16
2020-01-01,data.spec.js,29,5,24
2020-01-01,README.md,2,1,1
2020-01-01,package.json,2,1,1
2020-01-01,alpine.js,2,1,1
2020-01-01,alpine.js.map,3,1,2
2020-01-01,alpine.js,2,1,1
2020-01-01,alpine.js.map,3,2,1
2020-01-01,index.js,2,1,1
2020-01-01,mutations.spec.js,25,25,0
2020-01-01,README.md,8,4,4
2020-01-01,alpine.js.map,3,2,1
2020-01-01,component.js,2,1,1
2020-01-01,bind.js,2,1,1
2020-01-01,strict-mode.spec.js,30,30,0
2020-01-01,data.spec.js,38,38,0
2020-01-01,alpine.js,2,1,1
2020-01-01,alpine.js.map,2,1,1
2020-01-01,component.js,20,18,2
2020-01-01,bind.js,2,1,1
2020-01-01,alpine.js,2,1,1
2020-01-01,alpine.js.map,2,1,1
2020-01-01,component.js,2,1,1
2020-01-01,strict-mode.spec.js,30,30,0
2020-01-01,README.md,2,1,1
2020-01-01,alpine-ie11.js,2,1,1
2020-01-01,alpine-ie11.js.map,2,1,1
2020-01-01,alpine.js,2,1,1
2020-01-01,alpine.js.map,2,1,1
2020-01-01,alpine.js.map,2,1,1
2020-01-01,component.js,2,1,1
2020-01-01,strict-mode.spec.js,30,30,0
2020-01-01,alpine-ie11.js,2,1,1
2020-01-01,alpine-ie11.js.map,2,1,1
2020-01-01,alpine.js,2,1,1
2020-01-01,alpine.js.map,2,1,1
2020-01-01,alpine.js,2,1,1
2020-01-01,alpine.js.map,2,1,1
2020-01-01,index.js,2,1,1
2020-01-01,mutations.spec.js,25,25,0
2020-01-01,README.html,8,4,4
2020-01-01,README.md,6,3,3
2020-01-01,README.html,21,21,0
2020-01-01,README.html,408,408,0
2020-01-01,README.md,6,3,3
2020-01-01,alpine.js,2,1,1
2020-01-01,alpine.js.map,2,1,1
2020-01-01,component.js,2,1,1
2020-01-01,strict-mode.spec.js,30,30,0
2020-01-01,README.md,2,1,1
2020-01-01,README.html,28,14,14
2020-01-01,README.md,27,27,0
2020-01-01,alpine-ie11.js,2,1,1
2020-01-01,alpine-ie11.js.map,2,1,1
2020-01-01,alpine.js,2,1,1
2020-01-01,alpine.js.map,2,1,1
2020-01-01,rollup.config.js,44,18,26
2020-01-01,component.js,2,1,1
2020-01-01,model.js,54,30,24
2020-01-01,lifecycle.spec.js,16,16,0
2020-01-01,model.spec.js,20,20,0
2020-01-01,README.md,6,3,3
2020-01-01,README.md,27,27,0
2020-01-01,alpine.js,2,1,1
2020-01-01,alpine.js.map,2,1,1
2020-01-01,rollup.config.js,1,1,0
2020-01-01,component.js,2,1,1
2020-01-01,model.js,54,30,24
2020-01-01,lifecycle.spec.js,16,16,0
2020-01-01,model.spec.js,20,20,0
2020-01-01,bind.js,2,1,1
2020-01-01,alpine.js,2,1,1
2020-01-01,alpine.js.map,2,1,1
2020-01-01,index.js,2,1,1
2020-01-01,mutations.spec.js,4,2,2
2020-01-01,mutations.spec.js,2,1,1
2020-01-01,mutations.spec.js,25,25,0
2020-01-01,alpine.js,2,1,1
2020-01-01,alpine.js.map,2,1,1
2020-01-01,README.md,27,27,0
2020-01-01,alpine.js.map,2,1,1
2020-01-01,rollup.config.js,1,1,0
2020-01-01,component.js,2,1,1
2020-01-01,model.js,54,30,24
2020-01-01,lifecycle.spec.js,16,16,0
2020-01-01,model.spec.js,20,20,0
2020-01-01,README.md,2,1,1
2020-01-01,babel.config.js,1,1,0
2020-01-01,alpine.js,2,1,1
2020-01-01,alpine.js.map,2,1,1
2020-01-01,README.md,27,27,0
2020-01-01,alpine.js,2,1,1
2020-01-01,alpine.js.map,2,1,1
2020-01-01,rollup.config.js,1,1,0
2020-01-01,component.js,2,1,1
2020-01-01,model.js,54,30,24
2020-01-01,lifecycle.spec.js,16,16,0
2020-01-01,model.spec.js,20,20,0
2020-01-01,alpine.js,4,0,4
2020-01-01,alpine.js.map,6,1,5
2020-01-01,README.md,2,1,1
2020-01-01,babel.config.js,1,1,0
2020-01-01,alpine.js,4,4,0
2020-01-01,alpine.js.map,6,5,1
2020-01-01,README.md,2,1,1
2020-01-01,babel.config.js,1,1,0
2020-01-01,alpine.js,2,1,1
2020-01-01,alpine.js.map,2,1,1
2020-01-01,babel.config.js,1,1,0
2020-01-01,alpine.js,2,1,1
2020-01-01,alpine.js.map,2,1,1
2020-01-01,babel.config.js,1,1,0
2020-01-01,alpine.js,2,1,1
2020-01-01,alpine.js.map,2,1,1
2020-01-01,README.md,6,3,3
2020-01-01,README.md,2,1,1
2020-01-01,README.md,28,14,14
2020-01-01,alpine-ie11.js,2,1,1
2020-01-01,alpine-ie11.js.map,2,1,1
2020-01-01,alpine.js,2,1,1
2020-01-01,alpine.js.map,2,1,1
2020-01-01,index.html,11,11,0
2020-01-01,tags.html,39,23,16
2020-01-01,package.json,2,1,1
2020-01-01,component.js,41,32,9
2020-01-01,bind.js,7,6,1
2020-01-01,for.js,7,4,3
2020-01-01,if.js,2,1,1
2020-01-01,on.js,2,1,1
2020-01-01,index.js,4,3,1
2020-01-01,constructor.spec.js,22,22,0
2020-01-01,dispatch.spec.js,24,24,0
2020-01-01,for.spec.js,22,21,1
2020-01-01,model.spec.js,21,21,0
2020-01-01,README.md,47,31,16
2020-01-01,alpine.js,2,1,1
2020-01-01,alpine.js.map,2,1,1
2020-01-01,index.html,57,57,0
2020-01-01,tags.html,96,96,0
2020-01-01,package.json,2,1,1
2020-01-01,component.js,334,82,252
2020-01-01,bind.js,70,70,0
2020-01-01,for.js,123,123,0
2020-01-01,if.js,21,21,0
2020-01-01,model.js,43,43,0
2020-01-01,on.js,104,104,0
2020-01-01,show.js,17,17,0
2020-01-01,text.js,0,0,0
2020-01-01,index.js,15,9,6
2020-01-01,utils.js,24,7,17
2020-01-01,constructor.spec.js,90,90,0
2020-01-01,dispatch.spec.js,24,24,0
2020-01-01,for.spec.js,226,226,0
2020-01-01,model.spec.js,21,21,0
2020-01-01,on.spec.js,25,25,0
2020-01-01,transition.spec.js,58,58,0
2020-01-01,alpine-ie11.js,2,1,1
2020-01-01,alpine-ie11.js.map,2,1,1
2020-01-01,alpine.js,2,1,1
2020-01-01,alpine.js.map,2,1,1
2020-01-01,README.md,2,1,1
2020-01-01,.gitignore,2,0,2
2020-01-01,alpine.iml,8,0,8
2020-01-01,misc.xml,6,0,6
2020-01-01,modules.xml,8,0,8
2020-01-01,vcs.xml,6,0,6
2020-01-01,README.md,2,1,1
2020-01-01,.gitignore,2,2,0
2020-01-01,alpine.iml,8,8,0
2020-01-01,misc.xml,6,6,0
2020-01-01,modules.xml,8,8,0
2020-01-01,vcs.xml,6,6,0
2020-01-01,README.md,2,1,1
2020-01-01,README.md,2,1,1
2020-01-01,package.json,2,1,1
2020-01-01,alpine.js,2,1,1
2020-01-01,alpine.js.map,2,1,1
2020-01-01,index.js,4,3,1
2020-01-01,constructor.spec.js,22,22,0
2020-01-01,README.md,2,1,1
2020-01-01,package.json,2,1,1
2020-01-01,alpine.js,2,1,1
2020-01-01,alpine.js.map,2,1,1
2020-01-01,index.html,11,11,0
2020-01-01,component.js,31,23,8
2020-01-01,bind.js,2,1,1
2020-01-01,for.js,4,2,2
2020-01-01,on.js,2,1,1
2020-01-01,dispatch.spec.js,24,24,0
2020-01-01,alpine.js,2,1,1
2020-01-01,alpine.js.map,2,1,1
2020-01-01,component.js,4,2,2
2020-01-01,alpine.js,2,1,1
2020-01-01,alpine.js.map,2,1,1
2020-01-01,index.html,11,11,0
2020-01-01,component.js,31,23,8
2020-01-01,bind.js,2,1,1
2020-01-01,for.js,4,2,2
2020-01-01,on.js,2,1,1
2020-01-01,dispatch.spec.js,24,24,0
2020-01-01,alpine.js,2,1,1
2020-01-01,alpine.js.map,2,1,1
2020-01-01,for.js,3,2,1
2020-01-01,for.spec.js,22,21,1
2020-01-01,if.js,2,1,1
2020-01-01,alpine.js,2,1,1
2020-01-01,alpine.js.map,2,1,1
2020-01-01,component.js,9,8,1
2020-01-01,bind.js,5,5,0
2020-01-01,model.spec.js,21,21,0
2020-01-01,alpine.js,2,1,1
2020-01-01,alpine.js.map,2,1,1
2020-01-01,README.md,28,14,14
2020-01-01,alpine.js.map,2,1,1
2020-01-01,tags.html,39,23,16
2020-01-01,package.json,2,1,1
2020-01-01,component.js,5,3,2
2020-01-01,bind.js,4,2,2
2020-01-01,on.js,77,56,21
2020-01-01,utils.js,20,5,15
2020-01-01,on.spec.js,25,25,0
2020-01-01,transition.spec.js,58,58,0
2020-01-01,component.js,6,4,2
2020-01-01,bind.js,5,3,2
2020-01-01,alpine.js,2,1,1
2020-01-01,alpine.js.map,2,1,1
2020-01-01,alpine.js,2,1,1
2020-01-01,alpine.js.map,2,1,1
2020-01-01,component.js,3,2,1
2020-01-01,README.md,26,13,13
2020-01-01,tags.html,39,23,16
2020-01-01,README.md,24,12,12
2020-01-01,README.md,2,1,1
2020-01-01,README.md,2,1,1
2020-01-01,alpine.js,2,1,1
2020-01-01,alpine.js.map,2,1,1
2020-01-01,package.json,2,1,1
2020-01-01,component.js,2,1,1
2020-01-01,bind.js,4,2,2
2020-01-01,utils.js,8,5,3
2020-01-01,transition.spec.js,58,58,0
2020-01-01,README.md,2,1,1
2020-01-01,package.json,2,1,1
2020-01-01,alpine.js,2,1,1
2020-01-01,alpine.js.map,2,1,1
2020-01-01,component.js,2,1,1
2020-01-01,bind.js,4,2,2
2020-01-01,utils.js,8,5,3
2020-01-01,transition.spec.js,58,58,0
2020-01-01,alpine.js,2,1,1
2020-01-01,alpine.js.map,2,1,1
2020-01-01,component.js,2,1,1
2020-01-01,bind.js,4,2,2
2020-01-01,utils.js,8,5,3
2020-01-01,transition.spec.js,58,58,0
2020-01-01,alpine.js,2,1,1
2020-01-01,alpine.js.map,2,1,1
2020-01-01,for.js,3,2,1
2020-01-01,for.spec.js,22,21,1
2020-01-01,if.js,2,1,1
2020-01-01,README.md,24,12,12
2020-01-01,README.md,2,1,1
2020-01-01,alpine-ie11.js,2,1,1
2020-01-01,alpine-ie11.js.map,2,1,1
2020-01-01,alpine.js,2,1,1
2020-01-01,alpine.js.map,2,1,1
2020-01-01,README.md,2,1,1
2020-01-01,alpine.js,2,1,1
2020-01-01,alpine.js.map,2,1,1
2020-01-01,tags.html,2,1,1
2020-01-01,package.json,2,1,1
2020-01-01,on.js,77,56,21
2020-01-01,utils.js,12,0,12
2020-01-01,on.spec.js,25,25,0
2020-01-01,README.md,2,1,1
2020-01-01,alpine.js,2,1,1
2020-01-01,alpine.js.map,2,1,1
2020-01-01,tags.html,2,1,1
2020-01-01,package.json,2,1,1
2020-01-01,on.js,77,56,21
2020-01-01,utils.js,12,0,12
2020-01-01,on.spec.js,25,25,0
2020-01-01,alpine.js,2,1,1
2020-01-01,alpine.js.map,2,1,1
2020-01-01,component.js,7,6,1
2020-01-01,bind.js,4,4,0
2020-01-01,model.spec.js,21,21,0
2020-01-01,alpine-ie11.js,2,1,1
2020-01-01,alpine-ie11.js.map,2,1,1
2020-01-01,alpine.js,6,1,5
2020-01-01,alpine.js.map,6,1,5
2020-01-01,README.html,387,387,0
2020-01-01,README.md,2,1,1
2020-01-01,alpine.js,4,4,0
2020-01-01,alpine.js.map,6,5,1
2020-01-01,index.html,0,0,0
2020-01-01,tags.html,89,89,0
2020-01-01,package.json,2,1,1
2020-01-01,component.js,22,11,11
2020-01-01,for.js,23,15,8
2020-01-01,model.js,4,2,2
2020-01-01,on.js,12,6,6
2020-01-01,for.spec.js,30,30,0
2020-01-01,README.md,2,1,1
2020-01-01,package.json,2,1,1
2020-01-01,alpine.js,2,1,1
2020-01-01,alpine.js.map,2,1,1
2020-01-01,index.html,0,0,0
2020-01-01,tags.html,89,89,0
2020-01-01,component.js,22,11,11
2020-01-01,for.js,23,15,8
2020-01-01,model.js,4,2,2
2020-01-01,on.js,12,6,6
2020-01-01,for.spec.js,30,30,0
2020-01-01,alpine-ie11.js,2,1,1
2020-01-01,alpine-ie11.js.map,2,1,1
2020-01-01,alpine.js,2,1,1
2020-01-01,alpine.js.map,2,1,1
2020-01-01,README.md,21,18,3
2020-01-01,alpine.js,2,1,1
2020-01-01,alpine.js.map,2,1,1
2020-01-01,index.html,46,46,0
2020-01-01,package.json,2,1,1
2020-01-01,component.js,307,57,250
2020-01-01,bind.js,65,65,0
2020-01-01,for.js,115,115,0
2020-01-01,if.js,21,21,0
2020-01-01,model.js,43,43,0
2020-01-01,on.js,69,69,0
2020-01-01,show.js,17,17,0
2020-01-01,text.js,0,0,0
2020-01-01,index.js,11,6,5
2020-01-01,utils.js,4,2,2
2020-01-01,constructor.spec.js,68,68,0
2020-01-01,for.spec.js,176,176,0
2020-01-01,README.md,2,1,1
2020-01-01,package.json,2,1,1
2020-01-01,README.md,19,17,2
2020-01-01,README.md,2,1,1
2020-01-01,alpine.js,2,1,1
2020-01-01,alpine.js.map,2,1,1
2020-01-01,index.html,46,46,0
2020-01-01,component.js,307,57,250
2020-01-01,bind.js,65,65,0
2020-01-01,for.js,115,115,0
2020-01-01,if.js,21,21,0
2020-01-01,model.js,43,43,0
2020-01-01,on.js,69,69,0
2020-01-01,show.js,17,17,0
2020-01-01,text.js,0,0,0
2020-01-01,index.js,11,6,5
2020-01-01,utils.js,4,2,2
2020-01-01,constructor.spec.js,68,68,0
2020-01-01,for.spec.js,176,176,0
2020-01-01,alpine.js,2,1,1
2020-01-01,alpine.js.map,2,1,1
2020-01-01,index.html,46,46,0
2020-01-01,for.js,86,53,33
2020-01-01,component.js,341,34,307
2020-01-01,bind.js,65,65,0
2020-01-01,for.js,95,95,0
2020-01-01,if.js,21,21,0
2020-01-01,model.js,43,43,0
2020-01-01,on.js,69,69,0
2020-01-01,show.js,17,17,0
2020-01-01,text.js,0,0,0
2020-01-01,index.js,11,6,5
2020-01-01,utils.js,22,0,22
2020-01-01,constructor.spec.js,68,68,0
2020-01-01,component.js,122,101,21
2020-01-01,utils.js,26,24,2
2020-01-01,for.spec.js,176,176,0
2020-01-01,alpine.js,2,1,1
2020-01-01,alpine.js.map,2,1,1
2020-01-01,component.js,5,2,3
2020-01-01,component.js,4,3,1
2020-01-01,README.md,2,1,1
2020-01-01,index_ie11.html,2,1,1
2020-01-01,alpine-ie11.js,2,1,1
2020-01-01,alpine-ie11.js.map,2,1,1
2020-01-01,alpine.js,2,1,1
2020-01-01,alpine.js.map,2,1,1
2020-01-01,index.html,4,2,2
2020-01-01,index_ie11.html,307,298,9
2020-01-01,component.js,61,44,17
2020-01-01,index.js,6,6,0
2020-01-01,utils.js,8,3,5
2020-01-01,constructor.spec.js,68,59,9
2020-01-01,README.md,4,3,1
2020-01-01,alpine.js,2,1,1
2020-01-01,alpine.js.map,2,1,1
2020-01-01,index.html,4,2,2
2020-01-01,package.json,2,1,1
2020-01-01,component.js,83,64,19
2020-01-01,index.js,6,6,0
2020-01-01,utils.js,8,3,5
2020-01-01,constructor.spec.js,68,59,9
2020-01-01,on.spec.js,22,22,0
2020-01-01,index_ie11.html,273,36,237
2020-01-01,alpine-ie11.js,2,1,1
2020-01-01,alpine-ie11.js.map,2,1,1
2020-01-01,alpine.js.map,2,1,1
2020-01-01,alpine.js,2,1,1
2020-01-01,alpine.js.map,2,1,1
2020-01-01,component.js,59,43,16
2020-01-01,index.js,6,6,0
2020-01-01,utils.js,8,3,5
2020-01-01,constructor.spec.js,68,59,9
2020-01-01,index.html,24,0,24
2020-01-01,alpine.js,2,1,1
2020-01-01,alpine.js.map,2,1,1
2020-01-01,index.html,24,24,0
2020-01-01,component.js,59,43,16
2020-01-01,index.js,6,6,0
2020-01-01,utils.js,8,3,5
2020-01-01,constructor.spec.js,68,59,9
2020-01-01,alpine-ie11.js,2,1,1
2020-01-01,alpine-ie11.js.map,2,1,1
2020-01-01,alpine.js,2,1,1
2020-01-01,alpine.js.map,2,1,1
2020-01-01,component.js,34,23,11
2020-01-01,component.js,3,3,0
2020-01-01,alpine-ie11.js,2,1,1
2020-01-01,alpine-ie11.js.map,2,1,1
2020-01-01,alpine.js,2,1,1
2020-01-01,alpine.js.map,2,1,1
2020-01-01,component.js,14,12,2
2020-01-01,component.js,19,9,10
2020-01-01,index.html,4,2,2
2020-01-01,index.html,4,2,2
2020-01-01,prepros-6.config,245,0,245
2020-01-01,index_ie11.html,231,230,1
2020-01-01,alpine-ie11.js,2,1,1
2020-01-01,alpine-ie11.js.map,2,1,1
2020-01-01,alpine.js,2,1,1
2020-01-01,alpine.js.map,2,1,1
2020-01-01,component.js,12,6,6
2020-01-01,run-tests.yml,2,1,1
2020-01-01,LICENSE.md,21,21,0
2020-01-01,README.md,37,30,7
2020-01-01,alpine.js,2,1,1
2020-01-01,alpine.js.map,2,1,1
2020-01-01,index.html,161,135,26
2020-01-01,package.json,2,1,1
2020-01-01,component.js,270,136,134
2020-01-01,utils.js,60,39,21
2020-01-01,bind.spec.js,83,71,12
2020-01-01,data.spec.js,47,46,1
2020-01-01,el.spec.js,41,41,0
2020-01-01,init.spec.js,18,0,18
2020-01-01,lifecycle.spec.js,123,123,0
2020-01-01,model.spec.js,2,1,1
2020-01-01,on.spec.js,59,55,4
2020-01-01,yarn.lock,4421,0,4421
2020-01-01,README.md,4,3,1
2020-01-01,alpine.js,2,1,1
2020-01-01,alpine.js.map,2,1,1
2020-01-01,package.json,2,1,1
2020-01-01,component.js,24,21,3
2020-01-01,on.spec.js,22,22,0
2020-01-01,LICENSE.md,21,21,0
2020-01-01,README.md,8,7,1
2020-01-01,alpine.js,2,1,1
2020-01-01,alpine.js.map,2,1,1
2020-01-01,index.html,55,44,11
2020-01-01,package.json,2,1,1
2020-01-01,component.js,22,15,7
2020-01-01,utils.js,22,18,4
2020-01-01,bind.spec.js,83,71,12
2020-01-01,alpine-ie11.js,2,2,0
2020-01-01,alpine-ie11.js.map,1,1,0
2020-01-01,alpine.js.map,2,1,1
2020-01-01,prepros-6.config,245,245,0
2020-01-01,alpine.js,2,1,1
2020-01-01,alpine.js.map,2,1,1
2020-01-01,utils.js,2,2,0
2020-01-01,index_ie11.html,22,22,0
2020-01-01,rollup.config.js,96,75,21
2020-01-01,LICENSE.md,21,21,0
2020-01-01,README.md,6,6,0
2020-01-01,README.md,2,1,1
2020-01-01,package.json,2,1,1
2020-01-01,LICENSE.md,21,21,0
2020-01-01,README.md,6,6,0
2020-01-01,index.html,55,44,11
2020-01-01,alpine.js,2,1,1
2020-01-01,alpine.js.map,2,1,1
2020-01-01,utils.js,8,4,4
2020-01-01,alpine.js,2,1,1
2020-01-01,alpine.js.map,2,1,1
2020-01-01,utils.js,8,4,4
2020-01-01,LICENSE.md,21,21,0
2020-01-01,README.md,6,6,0
2020-01-01,README.md,2,1,1
2020-01-01,package.json,2,1,1
2020-01-01,alpine.js,2,1,1
2020-01-01,alpine.js.map,2,1,1
2020-01-01,component.js,22,15,7
2020-01-01,utils.js,12,12,0
2020-01-01,bind.spec.js,83,71,12
2020-01-01,bind.spec.js,12,12,0
2020-01-01,alpine.js.map,2,1,1
2020-01-01,component.js,2,2,0
2020-01-01,bind.spec.js,12,0,12
2020-01-01,alpine.js,2,1,1
2020-01-01,alpine.js.map,2,1,1
2020-01-01,component.js,20,13,7
2020-01-01,utils.js,12,12,0
2020-01-01,bind.spec.js,59,59,0
2020-01-01,alpine.js,2,1,1
2020-01-01,alpine.js.map,2,1,1
2020-01-01,index.html,128,102,26
2020-01-01,component.js,158,41,117
2020-01-01,utils.js,26,10,16
2020-01-01,data.spec.js,33,33,0
2020-01-01,alpine.js,4,0,4
2020-01-01,alpine.js.map,6,1,5
2020-01-01,data.spec.js,4,0,4
2020-01-01,alpine.js,4,4,0
2020-01-01,alpine.js.map,6,5,1
2020-01-01,index.html,128,102,26
2020-01-01,component.js,150,41,109
2020-01-01,utils.js,26,10,16
2020-01-01,data.spec.js,3,3,0
2020-01-01,alpine.js,2,1,1
2020-01-01,alpine.js.map,2,1,1
2020-01-01,index.html,128,102,26
2020-01-01,component.js,158,41,117
2020-01-01,utils.js,26,10,16
2020-01-01,data.spec.js,33,33,0
2020-01-01,alpine.js.map,2,1,1
2020-01-01,component.js,9,0,9
2020-01-01,alpine.js,2,1,1
2020-01-01,alpine.js.map,2,1,1
2020-01-01,index.html,24,24,0
2020-01-01,component.js,161,47,114
2020-01-01,utils.js,26,10,16
2020-01-01,data.spec.js,33,33,0
2020-01-01,index.html,104,78,26
2020-01-01,run-tests.yml,2,1,1
2020-01-01,README.md,26,4,22
2020-01-01,alpine.js,2,1,1
2020-01-01,alpine.js.map,2,1,1
2020-01-01,package.json,2,1,1
2020-01-01,component.js,20,14,6
2020-01-01,utils.js,12,11,1
2020-01-01,lifecycle.spec.js,30,30,0
2020-01-01,on.spec.js,33,31,2
2020-01-01,yarn.lock,4421,0,4421
2020-01-01,run-tests.yml,2,1,1
2020-01-01,alpine.js,2,1,1
2020-01-01,alpine.js.map,2,1,1
2020-01-01,component.js,4,2,2
2020-01-01,utils.js,10,10,0
2020-01-01,on.spec.js,12,10,2
2020-01-01,yarn.lock,4421,0,4421
2020-01-01,run-tests.yml,2,1,1
2020-01-01,alpine.js,2,1,1
2020-01-01,alpine.js.map,2,1,1
2020-01-01,component.js,4,2,2
2020-01-01,utils.js,10,10,0
2020-01-01,on.spec.js,12,10,2
2020-01-01,yarn.lock,4421,0,4421
2020-01-01,yarn.lock,4292,0,4292
2020-01-01,alpine.js,2,1,1
2020-01-01,alpine.js.map,2,1,1
2020-01-01,component.js,4,2,2
2020-01-01,utils.js,10,10,0
2020-01-01,on.spec.js,12,10,2
2020-01-01,yarn.lock,491,181,310
2020-01-01,alpine.js,2,1,1
2020-01-01,alpine.js.map,2,1,1
2020-01-01,component.js,8,0,8
2020-01-01,data.spec.js,34,34,0
2020-01-01,alpine.js,2,1,1
2020-01-01,alpine.js.map,2,1,1
2020-01-01,utils.js,2,1,1
2020-01-01,on.spec.js,21,21,0
2020-01-01,README.md,26,4,22
2020-01-01,alpine.js,2,1,1
2020-01-01,alpine.js.map,2,1,1
2020-01-01,package.json,2,1,1
2020-01-01,component.js,16,12,4
2020-01-01,lifecycle.spec.js,30,30,0
2020-01-01,alpine.js,2,1,1
2020-01-01,alpine.js.map,2,1,1
2020-01-01,component.js,4,2,2
2020-01-01,README.md,26,4,22
2020-01-01,alpine.js,2,1,1
2020-01-01,alpine.js.map,2,1,1
2020-01-01,package.json,2,1,1
2020-01-01,component.js,16,12,4
2020-01-01,lifecycle.spec.js,30,30,0
2020-01-01,alpine.js,2,1,1
2020-01-01,alpine.js.map,2,1,1
2020-01-01,utils.js,2,1,1
2020-01-01,on.spec.js,21,21,0
2020-01-01,run-tests.yml,2,1,1
2020-01-01,README.md,8,4,4
2020-01-01,README.md,2,1,1
2020-01-01,alpine.js,2,1,1
2020-01-01,alpine.js.map,2,1,1
2020-01-01,component.js,2,1,1
2020-01-01,README.md,4,2,2
2020-01-01,README.md,4,2,2
2020-01-01,README.md,18,15,3
2020-01-01,alpine.js,2,1,1
2020-01-01,alpine.js.map,2,1,1
2020-01-01,package.json,2,1,1
2020-01-01,component.js,8,8,0
2020-01-01,lifecycle.spec.js,17,17,0
2020-01-01,README.md,2,1,1
2020-01-01,alpine.js,2,1,1
2020-01-01,alpine.js.map,2,1,1
2020-01-01,package.json,2,1,1
2020-01-01,component.js,3,3,0
2020-01-01,el.spec.js,19,19,0
2020-01-01,README.md,2,1,1
2020-01-01,README.md,45,33,12
2020-01-01,alpine.js,2,1,1
2020-01-01,alpine.js.map,2,1,1
2020-01-01,package.json,2,1,1
2020-01-01,component.js,115,74,41
2020-01-01,utils.js,2,1,1
2020-01-01,data.spec.js,14,13,1
2020-01-01,el.spec.js,22,22,0
2020-01-01,init.spec.js,18,0,18
2020-01-01,lifecycle.spec.js,76,76,0
2020-01-01,model.spec.js,2,1,1
2020-01-01,on.spec.js,4,2,2
2020-01-01,README.md,45,33,12
2020-01-01,alpine.js,2,1,1
2020-01-01,alpine.js.map,2,1,1
2020-01-01,package.json,2,1,1
2020-01-01,component.js,115,74,41
2020-01-01,utils.js,2,1,1
2020-01-01,data.spec.js,14,13,1
2020-01-01,el.spec.js,22,22,0
2020-01-01,init.spec.js,18,0,18
2020-01-01,lifecycle.spec.js,76,76,0
2020-01-01,model.spec.js,2,1,1
2020-01-01,on.spec.js,4,2,2
2020-01-01,README.md,4,2,2
2020-01-01,README.md,45,33,12
2020-01-01,alpine.js,2,1,1
2020-01-01,alpine.js.map,2,1,1
2020-01-01,package.json,2,1,1
2020-01-01,component.js,115,74,41
2020-01-01,utils.js,2,1,1
2020-01-01,data.spec.js,14,13,1
2020-01-01,el.spec.js,22,22,0
2020-01-01,init.spec.js,18,0,18
2020-01-01,lifecycle.spec.js,76,76,0
2020-01-01,model.spec.js,2,1,1
2020-01-01,on.spec.js,4,2,2
2020-01-01,README.md,2,1,1
2020-01-01,README.md,4,4,0
2020-01-01,README.md,17,9,8
2020-01-01,README.md,2,1,1
2020-01-01,index.html,6,6,0
2020-01-01,alpine.js,2,1,1
2020-01-01,alpine.js.map,2,1,1
2020-01-01,package.json,2,1,1
2020-01-01,component.js,4,3,1
2020-01-01,utils.js,22,18,4
2020-01-01,bind.spec.js,26,26,0
2020-01-01,on.spec.js,18,18,0
2020-01-01,README.md,2,1,1
2020-01-01,README.md,2,1,1
2020-01-01,README.md,4,2,2
2020-01-01,README.md,45,42,3
2020-01-01,alpine.js,2,1,1
2020-01-01,alpine.js.map,2,1,1
2020-01-01,package.json,2,1,1
2020-01-01,component.js,30,30,0
2020-01-01,next-tick.spec.js,24,24,0
2020-01-01,README.md,6,4,2
2020-01-01,README.md,4,3,1
2020-01-01,README.md,4,2,2
2020-01-01,README.md,6,3,3
2020-01-01,README.md,2,2,0
2020-01-01,README.md,6,3,3
2020-01-01,README.md,2,1,1
2020-01-01,alpine.js,2,1,1
2020-01-01,alpine.js.map,2,1,1
2020-01-01,package.json,2,1,1
2020-01-01,component.js,7,7,0
2020-01-01,README.md,14,12,2
2020-01-01,package.json,2,1,1
2020-01-01,alpine.js,2,1,1
2020-01-01,alpine.js.map,2,1,1
2020-01-01,package-lock.json,248,247,1
2020-01-01,component.js,10,8,2
2020-01-01,init.spec.js,18,18,0
2020-01-01,rollup.config.js,8,3,5
2020-01-01,package.json,3,2,1
2020-01-01,rollup.config.js,4,4,0
2020-01-01,package.json,3,2,1
2020-01-01,rollup.config.js,4,4,0
2020-01-01,README.md,2,1,1
2020-01-01,README.md,12,11,1
2020-01-01,package.json,2,1,1
2020-01-01,package.json,5,3,2
2020-01-01,alpine.js,2,1,1
2020-01-01,alpine.js.map,2,1,1
2020-01-01,component.js,10,10,0
2020-01-01,utils.js,4,2,2
2020-01-01,html.spec.js,36,36,0
2020-01-01,yarn.lock,4421,4421,0
2020-01-01,alpine.js,2,1,1
2020-01-01,alpine.js.map,2,1,1
2020-01-01,component.js,10,10,0
2020-01-01,utils.js,4,2,2
2020-01-01,html.spec.js,36,36,0
2020-01-01,yarn.lock,4421,4421,0
2020-01-01,README.md,2,1,1
2020-01-01,README.md,2,1,1
2020-01-01,README.md,4,2,2
2020-01-01,README.md,45,44,1
2020-01-01,README.md,2,1,1
2020-01-01,package.json,2,1,1
2020-01-01,README.md,2,1,1
2020-01-01,package.json,2,1,1
2020-01-01,alpine.js,3,2,1
2020-01-01,alpine.js.map,2,1,1
2020-01-01,component.js,29,19,10
2020-01-01,utils.js,61,58,3
2020-01-01,transition.spec.js,146,146,0
2020-01-01,alpine.js,583,0,583
2020-01-01,rollup.config.js,1,1,0
2020-01-01,README.md,2,1,1
2020-01-01,alpine.js,583,583,0
2020-01-01,alpine.js,3,1,2
2020-01-01,alpine.js.map,2,1,1
2020-01-01,alpine.mjs,2,0,2
2020-01-01,alpine.mjs.map,1,0,1
2020-01-01,alpine.umd.js,2,0,2
2020-01-01,alpine.umd.js.map,1,0,1
2020-01-01,index.html,2,1,1
2020-01-01,package-lock.json,5643,372,5271
2020-01-01,package.json,13,8,5
2020-01-01,rollup.config.js,23,23,0
2020-01-01,component.js,2,1,1
2019-12-01,README.md,2,2,0
2019-12-01,README.md,2,2,0
2019-12-01,alpine.js,2,1,1
2019-12-01,alpine.js.map,2,1,1
2019-12-01,alpine.mjs,2,1,1
2019-12-01,alpine.mjs.map,2,1,1
2019-12-01,alpine.umd.js,2,1,1
2019-12-01,alpine.umd.js.map,2,1,1
2019-12-01,component.js,8,3,5
2019-12-01,on.spec.js,18,18,0
2019-12-01,component.js,6,5,1
2019-12-01,alpine.js,2,1,1
2019-12-01,alpine.js.map,2,1,1
2019-12-01,alpine.mjs,2,1,1
2019-12-01,alpine.mjs.map,2,1,1
2019-12-01,alpine.umd.js,2,1,1
2019-12-01,alpine.umd.js.map,2,1,1
2019-12-01,component.js,3,2,1
2019-12-01,ref.spec.js,18,18,0
2019-12-01,README.md,6,2,4
2019-12-01,alpine.js,1572,2,1570
2019-12-01,alpine.js.map,1,1,0
2019-12-01,alpine.min.js,1,0,1
2019-12-01,alpine.mjs,2,2,0
2019-12-01,alpine.mjs.map,1,1,0
2019-12-01,alpine.umd.js,2,2,0
2019-12-01,alpine.umd.js.map,1,1,0
2019-12-01,mix-manifest.json,4,0,4
2019-12-01,index.html,2,1,1
2019-12-01,package-lock.json,8980,4089,4891
2019-12-01,package.json,27,8,19
2019-12-01,index.js,2,1,1
2019-12-01,webpack.mix.js,21,0,21
2019-12-01,component.js,6,5,1
2019-12-01,README.md,2,1,1
2019-12-01,index.html,2,1,1
2019-12-01,package.json,2,1,1
2019-12-01,constructor.spec.js,2,1,1
2019-12-01,alpine.js,9,6,3
2019-12-01,alpine.min.js,2,1,1
2019-12-01,mix-manifest.json,4,2,2
2019-12-01,component.js,9,6,3
2019-12-01,alpine.js,2,1,1
2019-12-01,alpine.min.js,2,1,1
2019-12-01,mix-manifest.json,4,2,2
2019-12-01,index.js,2,1,1
2019-12-01,README.md,2,1,1
2019-12-01,README.md,2,1,1
2019-12-01,alpine.js,169,74,95
2019-12-01,alpine.min.js,2,1,1
2019-12-01,mix-manifest.json,4,2,2
2019-12-01,component.js,105,44,61
2019-12-01,constructor.spec.js,33,32,1
2019-12-01,README.md,4,2,2
2019-12-01,README.md,7,7,0
2019-12-01,alpine.js,12,8,4
2019-12-01,alpine.min.js,2,1,1
2019-12-01,mix-manifest.json,4,2,2
2019-12-01,package-lock.json,2,1,1
2019-12-01,component.js,8,4,4
2019-12-01,bind.spec.js,26,26,0
2019-12-01,bind.spec.js,26,26,0
2019-12-01,alpine.js,2,1,1
2019-12-01,alpine.min.js,2,1,1
2019-12-01,mix-manifest.json,6,3,3
2019-12-01,README.md,26,23,3
2019-12-01,alpine.js,64,51,13
2019-12-01,package.json,2,1,1
2019-12-01,component.js,45,39,6
2019-12-01,index.js,23,10,13
2019-12-01,utils.js,8,6,2
2019-12-01,if.spec.js,26,26,0
2019-12-01,on.spec.js,24,23,1
2019-12-01,README.md,4,2,2
2019-12-01,alpine.js,15,5,10
2019-12-01,alpine.min.js,2,1,1
2019-12-01,mix-manifest.json,4,2,2
2019-12-01,component.js,10,5,5
2019-12-01,index.js,23,10,13
2019-12-01,README.md,4,2,2
2019-12-01,README.md,2,1,1
2019-12-01,README.md,2,1,1
2019-12-01,on.spec.js,24,23,1
2019-12-01,README.md,8,8,0
2019-12-01,README.md,12,12,0
2019-12-01,README.md,2,1,1
2019-12-01,package.json,2,1,1
2019-12-01,alpine.js,10,9,1
2019-12-01,alpine.min.js,2,1,1
2019-12-01,mix-manifest.json,4,2,2
2019-12-01,component.js,6,5,1
2019-12-01,utils.js,4,4,0
2019-12-01,README.md,2,1,1
2019-12-01,if.spec.js,26,26,0
2019-12-01,alpine.js,14,9,5
2019-12-01,alpine.min.js,2,1,1
2019-12-01,mix-manifest.json,6,3,3
2019-12-01,package-lock.json,2,1,1
2019-12-01,component.js,8,4,4
2019-12-01,alpine.js,39,37,2
2019-12-01,alpine.min.js,2,1,1
2019-12-01,mix-manifest.json,4,2,2
2019-12-01,component.js,29,29,0
2019-12-01,utils.js,4,2,2
2019-12-01,README.md,2,1,1
2019-12-01,README.md,2,1,1
2019-12-01,README.md,2,2,0
2019-12-01,README.md,19,19,0
2019-12-01,README.md,6,2,4
2019-12-01,README.md,15,15,0
2019-12-01,README.md,10,5,5
2019-12-01,alpine.js,141,88,53
2019-12-01,alpine.min.js,1,1,0
2019-12-01,mix-manifest.json,4,2,2
2019-12-01,project-x.min.js,1,0,1
2019-12-01,index.html,2,1,1
2019-12-01,package-lock.json,2,1,1
2019-12-01,package.json,8,4,4
2019-12-01,component.js,120,77,43
2019-12-01,index.js,12,6,6
2019-12-01,bind.spec.js,19,9,10
2019-12-01,cloak.spec.js,4,2,2
2019-12-01,constructor.spec.js,55,47,8
2019-12-01,data.spec.js,4,2,2
2019-12-01,model.spec.js,26,13,13
2019-12-01,nesting.spec.js,6,3,3
2019-12-01,on.spec.js,16,8,8
2019-12-01,ref.spec.js,4,2,2
2019-12-01,show.spec.js,6,3,3
2019-12-01,text.spec.js,6,3,3
2019-12-01,index.html,2,1,1
2019-12-01,index.html,2,1,1
2019-12-01,webpack.mix.js,6,3,3
2019-12-01,README.md,2,1,1
2019-12-01,README.md,7,6,1
2019-12-01,mix-manifest.json,4,2,2
2019-12-01,project-x.js,23,18,5
2019-12-01,project-x.min.js,2,1,1
2019-12-01,index.html,11,10,1
2019-12-01,package.json,2,1,1
2019-12-01,component.js,22,17,5
2019-12-01,on.spec.js,25,25,0
2019-12-01,README.md,7,7,0
2019-12-01,FUNDING.yml,2,1,1
2019-12-01,FUNDING.yml,3,3,0
2019-12-01,mix-manifest.json,4,2,2
2019-12-01,project-x.js,5,3,2
2019-12-01,project-x.min.js,2,1,1
2019-12-01,index.html,2,1,1
2019-12-01,package.json,2,1,1
2019-12-01,utils.js,7,4,3
2019-12-01,nesting.spec.js,16,16,0
2019-12-01,index.html,1,1,0
2019-12-01,mix-manifest.json,4,2,2
2019-12-01,project-x.js,4,2,2
2019-12-01,project-x.min.js,2,1,1
2019-12-01,index.html,305,161,144
2019-12-01,package.json,2,1,1
2019-12-01,mix-manifest.json,4,2,2
2019-12-01,project-x.js,65,49,16
2019-12-01,project-x.min.js,2,1,1
2019-12-01,index.html,109,77,32
2019-12-01,component.js,36,31,5
2019-12-01,bind.spec.js,13,13,0
2019-12-01,model.spec.js,21,21,0
2019-12-01,on.spec.js,19,19,0
2019-12-01,component.js,2,1,1
2019-12-01,bind.spec.js,2,2,0
2019-12-01,README.md,11,11,0
2019-12-01,mix-manifest.json,4,2,2
2019-12-01,project-x.js,65,49,16
2019-12-01,project-x.min.js,2,1,1
2019-12-01,index.html,109,77,32
2019-12-01,component.js,36,31,5
2019-12-01,bind.spec.js,13,13,0
2019-12-01,model.spec.js,21,21,0
2019-12-01,on.spec.js,19,19,0
2019-12-01,package-lock.json,900,416,484
2019-12-01,package.json,6,3,3
2019-12-01,cloak.spec.js,2,1,1
2019-12-01,constructor.spec.js,2,1,1
2019-12-01,data.spec.js,2,1,1
2019-12-01,model.spec.js,2,1,1
2019-12-01,nesting.spec.js,2,1,1
2019-12-01,on.spec.js,2,1,1
2019-12-01,ref.spec.js,2,1,1
2019-12-01,show.spec.js,2,1,1
2019-12-01,text.spec.js,2,1,1
2019-12-01,package-lock.json,107,74,33
2019-12-01,package.json,6,3,3
2019-12-01,mix-manifest.json,4,2,2
2019-12-01,project-x.js,3,2,1
2019-12-01,project-x.min.js,2,1,1
2019-12-01,README.md,5,5,0
2019-12-01,component.js,4,3,1
2019-12-01,on.spec.js,18,18,0
2019-12-01,README.md,5,5,0
2019-12-01,component.js,4,3,1
2019-12-01,on.spec.js,18,18,0
2019-12-01,README.md,11,11,0
2019-12-01,component.js,2,1,1
2019-12-01,bind.spec.js,2,2,0
2019-12-01,run-tests.yml,26,26,0
2019-12-01,README.md,2,0,2
2019-12-01,run-tests.yml,2,1,1
2019-12-01,run-tests.yml,26,26,0
2019-12-01,package.json,2,1,1
2019-12-01,on.spec.js,12,11,1
2019-12-01,README.md,4,2,2
2019-12-01,README.md,19,14,5
2019-12-01,mix-manifest.json,4,2,2
2019-12-01,project-x.js,38,36,2
2019-12-01,project-x.min.js,2,1,1
2019-12-01,index.html,2,1,1
2019-12-01,package.json,2,1,1
2019-12-01,component.js,25,25,0
2019-12-01,utils.js,4,2,2
2019-12-01,show.spec.js,42,42,0
2019-12-01,README.md,2,1,1
2019-12-01,README.md,4,2,2
2019-12-01,README.md,6,6,0
2019-12-01,.editorconfig,12,12,0
2019-12-01,README.md,2,1,1
2019-12-01,README.md,39,32,7
2019-12-01,README.md,2,1,1
2019-12-01,.editorconfig,12,12,0
2019-12-01,.editorconfig,12,12,0
2019-12-01,package.json,4,4,0
2019-12-01,README.md,14,13,1
2019-12-01,mix-manifest.json,4,2,2
2019-12-01,project-x.js,31,27,4
2019-12-01,project-x.min.js,2,1,1
2019-12-01,index.html,11,10,1
2019-12-01,package.json,2,1,1
2019-12-01,component.js,29,28,1
2019-12-01,utils.js,6,3,3
2019-12-01,ref.spec.js,24,24,0
2019-12-01,mix-manifest.json,2,1,1
2019-12-01,project-x.min.js,2,1,1
2019-12-01,mix-manifest.json,2,1,1
2019-12-01,project-x.js,11,6,5
2019-12-01,component.js,6,3,3
2019-12-01,something.js,97,0,97
2019-12-01,utils.js,4,3,1
2019-12-01,nesting.spec.js,29,29,0
2019-12-01,package.json,1,1,0
2019-12-01,package.json,1,1,0
2019-11-01,index.html,2,1,1
2019-11-01,README.md,2,1,1
2019-11-01,index.html,2,1,1
2019-11-01,mix-manifest.json,2,1,1
2019-11-01,project-x.min.js,2,1,1
2019-11-01,mix-manifest.json,2,1,1
2019-11-01,project-x.js,129,65,64
2019-11-01,index.html,4,4,0
2019-11-01,component.js,55,31,24
2019-11-01,index.js,53,32,21
2019-11-01,cloak.spec.js,6,5,1
2019-11-01,constructor.spec.js,2,1,1
2019-11-01,data.spec.js,20,20,0
2019-11-01,on.spec.js,31,0,31
2019-11-01,mix-manifest.json,4,2,2
2019-11-01,project-x.js,12,11,1
2019-11-01,project-x.min.js,2,1,1
2019-11-01,index.html,5,1,4
2019-11-01,index.js,12,11,1
2019-11-01,index.html,16,16,0
2019-11-01,index.html,12,5,7
2019-11-01,index.html,2,1,1
2019-11-01,README.md,3,3,0
2019-11-01,mix-manifest.json,2,1,1
2019-11-01,project-x.min.js,2,1,1
2019-11-01,README.md,26,25,1
2019-11-01,mix-manifest.json,2,1,1
2019-11-01,project-x.js,8,6,2
2019-11-01,index.html,3,2,1
2019-11-01,component.js,4,4,0
2019-11-01,utils.js,4,2,2
2019-11-01,cloak.spec.js,16,16,0
2019-11-01,mix-manifest.json,2,1,1
2019-11-01,project-x.js,3,3,0
2019-11-01,index.html,7,7,0
2019-11-01,component.js,3,3,0
2019-11-01,on.spec.js,36,36,0
2019-11-01,mix-manifest.json,2,1,1
2019-11-01,project-x.js,23,18,5
2019-11-01,index.html,9,8,1
2019-11-01,component.js,7,7,0
2019-11-01,model.spec.js,16,16,0
2019-11-01,on.spec.js,13,7,6
2019-11-01,mix-manifest.json,2,1,1
2019-11-01,project-x.js,221,12,209
2019-11-01,index.html,2,1,1
2019-11-01,index.js,13,5,8
2019-11-01,utils.js,3,2,1
2019-11-01,bind.spec.js,6,5,1
2019-11-01,constructor.spec.js,46,46,0
2019-11-01,model.spec.js,8,6,2
2019-11-01,on.spec.js,6,5,1
2019-11-01,text.spec.js,6,5,1
2019-11-01,README.md,2,1,1
2019-11-01,bind.spec.js,14,0,14
2019-11-01,cloak.spec.js,16,16,0
2019-11-01,index.html,3,2,1
2019-11-01,component.js,4,4,0
2019-11-01,utils.js,4,2,2
2019-11-01,bind.spec.js,14,14,0
2019-11-01,README.md,2,1,1
2019-11-01,README.md,2,0,2
2019-11-01,README.md,2,1,1
2019-11-01,README.md,2,1,1
2019-11-01,mix-manifest.json,2,1,1
2019-11-01,project-x.min.js,2,1,1
2019-11-01,README.md,2,1,1
2019-11-01,README.md,2,2,0
2019-11-01,index.html,2,1,1
2019-11-01,README.md,2,1,1
2019-11-01,README.md,28,16,12
2019-11-01,README.md,1,1,0
2019-11-01,README.md,8,4,4
2019-11-01,README.md,4,2,2
2019-11-01,README.md,1,1,0
2019-11-01,README.md,1,0,1
2019-11-01,README.md,6,4,2
2019-11-01,README.md,8,4,4
2019-11-01,README.md,2,1,1
2019-11-01,README.md,12,10,2
2019-11-01,README.md,4,2,2
2019-11-01,README.md,4,4,0
2019-11-01,README.md,16,13,3
2019-11-01,README.md,103,85,18
2019-11-01,mix-manifest.json,2,1,1
2019-11-01,project-x.js,852,819,33
2019-11-01,index.html,17,12,5
2019-11-01,index.html,5,0,5
2019-11-01,index.js,14,8,6
2019-11-01,utils.js,16,16,0
2019-11-01,README.md,4,2,2
2019-11-01,minimal.min.js,1,0,1
2019-11-01,mix-manifest.json,6,2,4
2019-11-01,project-x.js,10,5,5
2019-11-01,project-x.min.js,1,1,0
2019-11-01,rename-me.js,339,0,339
2019-11-01,rename-me.min.js,1,0,1
2019-11-01,index.html,4,2,2
2019-11-01,index.html,4,2,2
2019-11-01,package-lock.json,200,133,67
2019-11-01,package.json,4,2,2
2019-11-01,index.js,8,4,4
2019-11-01,bind.spec.js,16,8,8
2019-11-01,model.spec.js,22,11,11
2019-11-01,on.spec.js,8,4,4
2019-11-01,text.spec.js,6,3,3
2019-11-01,webpack.mix.js,6,3,3
2019-11-01,minimal.js,294,270,24
2019-11-01,mix-manifest.json,2,1,1
2019-11-01,index.html,28,26,2
2019-11-01,index.html,22,22,0
2019-11-01,component.js,64,34,30
2019-11-01,index.js,47,45,2
2019-11-01,minimal.min.js,2,1,1
2019-11-01,mix-manifest.json,2,1,1
2019-11-01,index.html,2,1,1
2019-11-01,minimal.js,317,214,103
2019-11-01,mix-manifest.json,2,1,1
2019-11-01,index.html,32,29,3
2019-11-01,component.js,282,186,96
2019-11-01,index.js,1,1,0
2019-11-01,utils.js,13,9,4
2019-11-01,bind.spec.js,97,97,0
2019-11-01,model.spec.js,202,202,0
2019-11-01,on.spec.js,85,85,0
2019-11-01,test.spec.js,187,0,187
2019-11-01,text.spec.js,32,32,0
2019-11-01,README.md,26,13,13
2019-11-01,index.html,8,8,0
2019-11-01,minimal.js,18,10,8
2019-11-01,mix-manifest.json,2,1,1
2019-11-01,index.html,21,4,17
2019-11-01,component.js,34,18,16
2019-11-01,utils.js,4,2,2
2019-11-01,test.spec.js,30,30,0
2019-11-01,README.md,14,14,0
2019-11-01,minimal.js,219,153,66
2019-11-01,mix-manifest.json,2,1,1
2019-11-01,index.html,27,19,8
2019-11-01,package-lock.json,33,32,1
2019-11-01,package.json,5,3,2
2019-11-01,component.js,125,79,46
2019-11-01,index.js,9,5,4
2019-11-01,something.js,97,97,0
2019-11-01,utils.js,51,42,9
2019-11-01,test.spec.js,101,70,31
2019-11-01,README.md,22,19,3
2019-11-01,minimal.js,339,339,0
2019-11-01,minimal.min.js,1,1,0
2019-11-01,mix-manifest.json,4,3,1
2019-11-01,webpack.mix.js,6,3,3
2019-11-01,.gitignore,3,3,0
2019-11-01,README.md,4,4,0
2019-11-01,babel.config.js,12,12,0
2019-11-01,mix-manifest.json,4,4,0
2019-11-01,rename-me.js,339,339,0
2019-11-01,rename-me.min.js,1,1,0
2019-11-01,index.html,21,21,0
2019-11-01,jest.config.js,186,186,0
2019-11-01,package-lock.json,11652,11652,0
2019-11-01,package.json,33,33,0
2019-11-01,component.js,115,115,0
2019-11-01,index.js,17,17,0
2019-11-01,utils.js,33,33,0
2019-11-01,test.spec.js,118,118,0
2019-11-01,webpack.mix.js,21,21,0
