Date,Filename,Total,Additions,Deletions
2019-12-01,Views.java,2,1,1
2019-12-01,background.jpg,0,0,0
2019-12-01,EditAccountController.java,16,8,8
2019-12-01,IViewController.java,5,0,5
2019-12-01,account.fxml,9,7,2
2019-12-01,createUser.fxml,6,6,0
2019-12-01,createaccount.fxml,6,6,0
2019-12-01,createorder.fxml,6,6,0
2019-12-01,editaccount.fxml,16,6,10
2019-12-01,edituser.fxml,6,6,0
2019-12-01,login.fxml,6,6,0
2019-12-01,mainmenu.fxml,6,6,0
2019-12-01,order.fxml,6,6,0
2019-12-01,orderdetails.fxml,6,6,0
2019-12-01,payment.fxml,9,7,2
2019-12-01,user.fxml,6,6,0
2019-12-01,vieworders.fxml,6,6,0
2019-12-01,viewusers.fxml,6,6,0
2019-12-01,EditAccountController.java,111,13,98
2019-12-01,editaccount.fxml,9,9,0
2019-12-01,User.java,14,7,7
2019-12-01,UserService.java,36,19,17
2019-12-01,UserHandlerSingleton.java,4,2,2
2019-12-01,EditUserController.java,2,1,1
2019-12-01,UserController.java,8,4,4
2019-12-01,ViewUsersController.java,12,6,6
2019-12-01,Accounts.txt,14,7,7
2019-12-01,Orders.txt,22,14,8
2019-12-01,Users.txt,1,1,0
2019-12-01,Account.java,4,2,2
2019-12-01,BronzeDiscount.java,2,1,1
2019-12-01,GoldDiscount.java,2,1,1
2019-12-01,SilverDiscount.java,4,2,2
2019-12-01,Order.java,21,11,10
2019-12-01,AccountService.java,4,3,1
2019-12-01,LoginService.java,29,0,29
2019-12-01,OrderService.java,16,12,4
2019-12-01,UserService.java,101,83,18
2019-12-01,UserHandler.java,76,0,76
2019-12-01,UserHandlerSingleton.java,70,70,0
2019-12-01,CreateOrderController.java,42,26,16
2019-12-01,CreateUserController.java,4,2,2
2019-12-01,EditUserController.java,14,14,0
2019-12-01,LoginController.java,6,3,3
2019-12-01,OrderDetailsController.java,13,9,4
2019-12-01,ViewUsersController.java,5,2,3
2019-12-01,createorder.fxml,12,9,3
2019-12-01,edituser.fxml,44,44,0
2019-12-01,AccountService.java,34,33,1
2019-12-01,EditAccountController.java,120,112,8
2019-12-01,ViewUsersController.java,1,1,0
2019-12-01,editaccount.fxml,15,7,8
2019-12-01,test.fxml,11,0,11
2019-12-01,UserService.java,101,83,18
2019-12-01,UserHandler.java,76,0,76
2019-12-01,UserHandlerSingleton.java,70,70,0
2019-12-01,CreateUserController.java,4,2,2
2019-12-01,EditUserController.java,14,14,0
2019-12-01,LoginController.java,6,3,3
2019-12-01,ViewUsersController.java,5,4,1
2019-12-01,edituser.fxml,44,44,0
2019-12-01,Accounts.txt,14,7,7
2019-12-01,Orders.txt,22,14,8
2019-12-01,Users.txt,1,1,0
2019-12-01,Account.java,4,2,2
2019-12-01,BronzeDiscount.java,2,1,1
2019-12-01,GoldDiscount.java,2,1,1
2019-12-01,SilverDiscount.java,4,2,2
2019-12-01,Order.java,21,11,10
2019-12-01,AccountService.java,32,32,0
2019-12-01,LoginService.java,29,0,29
2019-12-01,OrderService.java,16,12,4
2019-12-01,CreateOrderController.java,42,26,16
2019-12-01,OrderDetailsController.java,13,9,4
2019-12-01,createorder.fxml,12,9,3
2019-12-01,Account.java,46,36,10
2019-12-01,BronzeDiscount.java,16,16,0
2019-12-01,DiscountFactory.java,17,17,0
2019-12-01,GoldDiscount.java,16,16,0
2019-12-01,IDiscount.java,6,6,0
2019-12-01,SilverDiscount.java,16,16,0
2019-12-01,AccountService.java,20,11,9
2019-12-01,EditAccountController.java,2,1,1
2019-12-01,ViewUsersController.java,3,0,3
2019-12-01,editaccount.fxml,8,7,1
2019-12-01,AccountController.java,5,5,0
2019-12-01,EditAccountController.java,48,48,0
2019-12-01,Views.java,1,1,0
2019-12-01,editaccount.fxml,20,20,0
2019-12-01,test.fxml,11,11,0
2019-12-01,Menu.java,58,58,0
2019-12-01,Recommendation.java,34,34,0
2019-12-01,OrderDetailsController.java,12,12,0
2019-12-01,orderdetails.fxml,28,24,4
2019-12-01,AccountService.java,67,62,5
2019-12-01,AccountHandlerSingleton.java,95,32,63
2019-12-01,Orders.txt,1,1,0
2019-12-01,Order.java,27,19,8
2019-12-01,ActiveState.java,15,15,0
2019-12-01,CompletedState.java,15,15,0
2019-12-01,OrderState.java,8,8,0
2019-12-01,User.java,26,26,0
2019-12-01,OrderService.java,3,2,1
2019-12-01,UserService.java,7,7,0
2019-12-01,UserController.java,2,1,1
2019-12-01,ViewOrdersController.java,2,1,1
2019-12-01,ViewUsersController.java,71,71,0
2019-12-01,Views.java,2,1,1
2019-12-01,user.fxml,2,1,1
2019-12-01,viewusers.fxml,17,17,0
2019-12-01,Account.java,27,25,2
2019-12-01,AccountService.java,4,2,2
2019-12-01,AccountHandlerSingleton.java,45,37,8
2019-12-01,Orders.txt,1,1,0
2019-12-01,User.java,26,26,0
2019-12-01,UserService.java,7,7,0
2019-12-01,UserController.java,2,1,1
2019-12-01,ViewUsersController.java,71,71,0
2019-12-01,Views.java,2,1,1
2019-12-01,user.fxml,2,1,1
2019-12-01,viewusers.fxml,17,17,0
2019-12-01,Order.java,27,19,8
2019-12-01,ActiveState.java,15,15,0
2019-12-01,CompletedState.java,15,15,0
2019-12-01,OrderState.java,8,8,0
2019-12-01,OrderService.java,3,2,1
2019-12-01,ViewOrdersController.java,2,1,1
2019-12-01,Users.txt,7,4,3
2019-12-01,TODO.txt,7,7,0
2019-12-01,OrderService.java,4,2,2
2019-12-01,OrderHandlerSingleton.java,32,24,8
2019-12-01,User.java,22,20,2
2019-12-01,UserService.java,52,52,0
2019-12-01,UserHandler.java,43,41,2
2019-12-01,CreateUserController.java,77,77,0
2019-12-01,createUser.fxml,44,44,0
2019-11-01,OrderService.java,4,2,2
2019-11-01,OrderHandlerSingleton.java,32,24,8
2019-11-01,TODO.txt,7,7,0
2019-11-01,Orders.txt,7,7,0
2019-11-01,ActiveOrders.txt,1,0,1
2019-11-01,TODO.txt,17,17,0
2019-11-01,Beverage.java,4,3,1
2019-11-01,Dessert.java,4,3,1
2019-11-01,Main.java,4,3,1
2019-11-01,Starter.java,3,2,1
2019-11-01,Beer.java,18,18,0
2019-11-01,Coke.java,18,18,0
2019-11-01,Fanta.java,18,18,0
2019-11-01,Cheesecake.java,18,18,0
2019-11-01,Icecream.java,18,18,0
2019-11-01,Pudding.java,18,18,0
2019-11-01,MenuItemFactory.java,44,40,4
2019-11-01,Salad.java,18,18,0
2019-11-01,Salmon.java,18,18,0
2019-11-01,Steak.java,18,18,0
2019-11-01,Ribs.java,18,18,0
2019-11-01,Soup.java,18,18,0
2019-11-01,Wings.java,18,18,0
2019-11-01,Order.java,31,21,10
2019-11-01,PayByCard.java,11,11,0
2019-11-01,PayByCash.java,10,10,0
2019-11-01,PayContext.java,13,13,0
2019-11-01,PayStrategy.java,6,6,0
2019-11-01,OrderService.java,70,64,6
2019-11-01,AccountHandler.java,5,0,5
2019-11-01,CreateAccountController.java,46,23,23
2019-11-01,CreateOrderController.java,46,15,31
2019-11-01,LoginController.java,1,0,1
2019-11-01,OrderController.java,2,1,1
2019-11-01,OrderDetailsController.java,64,64,0
2019-11-01,PaymentController.java,51,51,0
2019-11-01,ViewController.java,31,31,0
2019-11-01,ViewOrdersController.java,59,34,25
2019-11-01,Views.java,2,2,0
2019-11-01,createorder.fxml,54,21,33
2019-11-01,orderdetails.fxml,32,32,0
2019-11-01,payment.fxml,17,17,0
2019-11-01,vieworders.fxml,4,3,1
2019-11-01,TODO.txt,17,17,0
2019-11-01,Beverage.java,2,1,1
2019-11-01,Dessert.java,2,1,1
2019-11-01,IMenuItem.java,2,1,1
2019-11-01,Main.java,2,1,1
2019-11-01,Starter.java,4,2,2
2019-11-01,MenuItemFactory.java,4,2,2
2019-11-01,Order.java,14,7,7
2019-11-01,CreateOrderController.java,4,2,2
2019-11-01,MenuItemFactory.java,4,2,2
2019-11-01,Order.java,14,7,7
2019-11-01,CreateOrderController.java,4,2,2
2019-11-01,Order.java,2,1,1
2019-11-01,MenuItemFactory.java,4,2,2
2019-11-01,Order.java,14,7,7
2019-11-01,CreateOrderController.java,4,2,2
2019-11-01,MenuItemFactory.java,25,25,0
2019-11-01,Order.java,21,10,11
2019-11-01,OrderService.java,40,35,5
2019-11-01,IDataHandler.java,8,8,0
2019-11-01,OrderHandler.java,74,32,42
2019-11-01,CreateOrderController.java,44,39,5
2019-11-01,ViewOrdersController.java,25,9,16
2019-11-01,createorder.fxml,81,72,9
2019-11-01,vieworders.fxml,2,1,1
2019-11-01,AccountService.java,6,3,3
2019-11-01,LoginService.java,6,3,3
2019-11-01,OrderService.java,6,3,3
2019-11-01,AccountHandler.java,79,79,0
2019-11-01,DataHandler.java,150,0,150
2019-11-01,OrderHandler.java,64,64,0
2019-11-01,UserHandler.java,37,37,0
2019-11-01,AccountController.java,37,37,0
2019-11-01,CreateAccountController.java,12,6,6
2019-11-01,CreateOrderController.java,99,99,0
2019-11-01,LoginController.java,8,4,4
2019-11-01,MainMenuController.java,14,6,8
2019-11-01,OrderController.java,80,9,71
2019-11-01,UserController.java,36,36,0
2019-11-01,ViewController.java,4,2,2
2019-11-01,ViewOrdersController.java,27,16,11
2019-11-01,Views.java,9,7,2
2019-11-01,account.fxml,22,22,0
2019-11-01,createorder.fxml,74,74,0
2019-11-01,mainmenu.fxml,15,7,8
2019-11-01,order.fxml,67,7,60
2019-11-01,user.fxml,21,21,0
2019-11-01,vieworders.fxml,9,2,7
2019-11-01,ActiveOrders.txt,0,0,0
2019-11-01,createorder.fxml,14,0,14
2019-11-01,built-jar.properties,4,0,4
2019-11-01,Account.class,0,0,0
2019-11-01,Beverage.class,0,0,0
2019-11-01,Dessert.class,0,0,0
2019-11-01,Main.class,0,0,0
2019-11-01,MenuItem.class,0,0,0
2019-11-01,Starter.class,0,0,0
2019-11-01,Order.class,0,0,0
2019-11-01,User.class,0,0,0
2019-11-01,AccountModel.class,0,0,0
2019-11-01,LoginModel.class,0,0,0
2019-11-01,OrderModel.class,0,0,0
2019-11-01,DataHandler.class,0,0,0
2019-11-01,SystemArchitecture.png,0,0,0
2019-11-01,beverage.jpg,0,0,0
2019-11-01,dessert.jpg,0,0,0
2019-11-01,main.jpg,0,0,0
2019-11-01,starter.jpg,0,0,0
2019-11-01,RestaurantMS.class,0,0,0
2019-11-01,AddItemController.class,0,0,0
2019-11-01,CreateAccountController.class,0,0,0
2019-11-01,IViewController.class,0,0,0
2019-11-01,LoginController.class,0,0,0
2019-11-01,MainMenuController.class,0,0,0
2019-11-01,OrderController.class,0,0,0
2019-11-01,ViewController.class,0,0,0
2019-11-01,ViewOrdersController.class,0,0,0
2019-11-01,Views.class,0,0,0
2019-11-01,additem.fxml,39,0,39
2019-11-01,createaccount.fxml,38,0,38
2019-11-01,login.fxml,30,0,30
2019-11-01,mainmenu.fxml,32,0,32
2019-11-01,order.fxml,74,0,74
2019-11-01,vieworders.fxml,20,0,20
2019-11-01,RestaurantMS.html,45,0,45
2019-11-01,RestaurantMS.jar,0,0,0
2019-11-01,RestaurantMS.jnlp,18,0,18
2019-11-01,dtjava.js,3958,0,3958
2019-11-01,error.png,0,0,0
2019-11-01,get_java.png,0,0,0
2019-11-01,get_javafx.png,0,0,0
2019-11-01,javafx-chrome.png,0,0,0
2019-11-01,javafx-loading-100x100.gif,0,0,0
2019-11-01,javafx-loading-25x25.gif,0,0,0
2019-11-01,upgrade_java.png,0,0,0
2019-11-01,upgrade_javafx.png,0,0,0
2019-11-01,build-impl.xml,1421,0,1421
2019-11-01,Run_as_WebStart.properties,2,0,2
2019-11-01,Run_in_Browser.properties,2,0,2
2019-11-01,genfiles.properties,8,0,8
2019-11-01,jfx-impl.xml,4049,0,4049
2019-11-01,Run_as_WebStart.properties,2,0,2
2019-11-01,Run_in_Browser.properties,2,0,2
2019-11-01,private.properties,6,0,6
2019-11-01,private.xml,15,0,15
2019-11-01,catalog.xml,0,0,0
2019-11-01,project.properties,113,0,113
2019-11-01,project.xml,25,0,25
2019-11-01,manifest.mf,3,0,3
2019-11-01,build.xml,53,0,53
2019-11-01,SystemArchitecture.png,0,0,0
2019-11-01,ScreenController.java,27,0,27
2019-11-01,MainMenuController.java,24,0,24
2019-11-01,LoginController.java,64,0,64
2019-11-01,CreateOrder.java,27,0,27
2019-11-01,Account.java,1,0,1
2019-11-01,mainmenu.fxml,12,11,1
2019-11-01,Account.java,1,1,0
2019-11-01,beverage.jpg,0,0,0
2019-11-01,dessert.jpg,0,0,0
2019-11-01,main.jpg,0,0,0
2019-11-01,starter.jpg,0,0,0
2019-11-01,createorder.fxml,14,14,0
2019-11-01,CreateOrder.java,27,27,0
2019-11-01,LoginController.java,64,64,0
2019-11-01,MainMenuController.java,24,24,0
2019-11-01,ScreenController.java,27,27,0
2019-11-01,Accounts.txt,1,1,0
2019-11-01,built-jar.properties,4,2,2
2019-11-01,OrderModel.class,0,0,0
2019-11-01,CreateAccountController.class,0,0,0
2019-11-01,CreateOrderController.class,0,0,0
2019-11-01,LoginController.class,0,0,0
2019-11-01,MainMenuController.class,0,0,0
2019-11-01,OrderController.class,0,0,0
2019-11-01,ViewController.class,0,0,0
2019-11-01,ViewOrdersController.class,0,0,0
2019-11-01,Views.class,0,0,0
2019-11-01,order.fxml,2,1,1
2019-11-01,vieworders.fxml,20,20,0
2019-11-01,RestaurantMS.html,4,2,2
2019-11-01,RestaurantMS.jar,0,0,0
2019-11-01,RestaurantMS.jnlp,2,1,1
2019-11-01,RestaurantMS.html,45,0,45
2019-11-01,RestaurantMS.jar,0,0,0
2019-11-01,RestaurantMS.jnlp,18,0,18
2019-11-01,dtjava.js,3958,0,3958
2019-11-01,error.png,0,0,0
2019-11-01,get_java.png,0,0,0
2019-11-01,get_javafx.png,0,0,0
2019-11-01,javafx-chrome.png,0,0,0
2019-11-01,javafx-loading-100x100.gif,0,0,0
2019-11-01,javafx-loading-25x25.gif,0,0,0
2019-11-01,upgrade_java.png,0,0,0
2019-11-01,upgrade_javafx.png,0,0,0
2019-11-01,private.xml,26,7,19
2019-11-01,Order.java,17,12,5
2019-11-01,OrderModel.java,9,9,0
2019-11-01,DataHandler.java,35,29,6
2019-11-01,AddItemController.java,40,0,40
2019-11-01,CreateAccountController.java,6,3,3
2019-11-01,LoginController.java,3,2,1
2019-11-01,MainMenuController.java,12,9,3
2019-11-01,OrderController.java,17,9,8
2019-11-01,ViewController.java,20,18,2
2019-11-01,ViewOrdersController.java,80,80,0
2019-11-01,Views.java,19,19,0
2019-11-01,additem.fxml,39,0,39
2019-11-01,mainmenu.fxml,2,1,1
2019-11-01,order.fxml,2,1,1
2019-11-01,vieworders.fxml,20,20,0
2019-11-01,Orders.txt,1,1,0
2019-11-01,README.md,2,0,2
2019-11-01,Users.txt,3,3,0
2019-11-01,built-jar.properties,2,1,1
2019-11-01,Account.class,0,0,0
2019-11-01,Beverage.class,0,0,0
2019-11-01,Dessert.class,0,0,0
2019-11-01,Main.class,0,0,0
2019-11-01,MenuItem.class,0,0,0
2019-11-01,Starter.class,0,0,0
2019-11-01,Order.class,0,0,0
2019-11-01,User.class,0,0,0
2019-11-01,AccountModel.class,0,0,0
2019-11-01,LoginModel.class,0,0,0
2019-11-01,OrderModel.class,0,0,0
2019-11-01,Account.class,0,0,0
2019-11-01,RegisterModel.class,0,0,0
2019-11-01,Beverage.class,0,0,0
2019-11-01,Dessert.class,0,0,0
2019-11-01,Main.class,0,0,0
2019-11-01,MenuItem.class,0,0,0
2019-11-01,Starter.class,0,0,0
2019-11-01,Order.class,0,0,0
2019-11-01,LoginModel.class,0,0,0
2019-11-01,DataHandler.class,0,0,0
2019-11-01,appetiser.webp,0,0,0
2019-11-01,RestaurantMS.class,0,0,0
2019-11-01,AddItemController.class,0,0,0
2019-11-01,CreateAccountController.class,0,0,0
2019-11-01,CreateOrderController.class,0,0,0
2019-11-01,IViewController.class,0,0,0
2019-11-01,LoginController.class,0,0,0
2019-11-01,MainMenuController.class,0,0,0
2019-11-01,ViewController.class,0,0,0
2019-11-01,createorder.fxml,18,0,18
2019-11-01,additem.fxml,2,1,1
2019-11-01,createaccount.fxml,2,1,1
2019-11-01,createorder.fxml,74,74,0
2019-11-01,login.fxml,6,3,3
2019-11-01,mainmenu.fxml,2,1,1
2019-11-01,AddItemController.class,0,0,0
2019-11-01,CreateOrderController.class,0,0,0
2019-11-01,LoginController.class,0,0,0
2019-11-01,RestaurantMS.html,4,2,2
2019-11-01,RestaurantMS.jar,0,0,0
2019-11-01,RestaurantMS.jnlp,2,1,1
2019-11-01,RestaurantMS.html,45,45,0
2019-11-01,RestaurantMS.jar,0,0,0
2019-11-01,RestaurantMS.jnlp,18,18,0
2019-11-01,dtjava.js,3958,3958,0
2019-11-01,error.png,0,0,0
2019-11-01,get_java.png,0,0,0
2019-11-01,get_javafx.png,0,0,0
2019-11-01,javafx-chrome.png,0,0,0
2019-11-01,javafx-loading-100x100.gif,0,0,0
2019-11-01,javafx-loading-25x25.gif,0,0,0
2019-11-01,upgrade_java.png,0,0,0
2019-11-01,upgrade_javafx.png,0,0,0
2019-11-01,Account.java,24,16,8
2019-11-01,Beverage.java,2,1,1
2019-11-01,Dessert.java,2,1,1
2019-11-01,Main.java,2,1,1
2019-11-01,MenuItem.java,2,1,1
2019-11-01,Starter.java,4,2,2
2019-11-01,Order.java,102,102,0
2019-11-01,User.java,30,30,0
2019-11-01,AccountModel.java,5,3,2
2019-11-01,LoginModel.java,29,29,0
2019-11-01,OrderModel.java,16,16,0
2019-11-01,Order.java,54,0,54
2019-11-01,LoginModel.java,5,0,5
2019-11-01,DataHandler.java,87,66,21
2019-11-01,appetiser.webp,0,0,0
2019-11-01,RestaurantMS.java,2,1,1
2019-11-01,AddItemController.java,18,8,10
2019-11-01,CreateAccountController.java,16,8,8
2019-11-01,CreateOrderController.java,98,98,0
2019-11-01,IViewController.java,5,5,0
2019-11-01,LoginController.java,101,48,53
2019-11-01,MainMenuController.java,66,32,34
2019-11-01,ViewController.java,10,5,5
2019-11-01,createorder.fxml,18,0,18
2019-11-01,additem.fxml,2,1,1
2019-11-01,createaccount.fxml,2,1,1
2019-11-01,createorder.fxml,74,74,0
2019-11-01,login.fxml,6,3,3
2019-11-01,mainmenu.fxml,2,1,1
2019-11-01,CreateOrderController.java,58,0,58
2019-11-01,Accounts.txt,6,6,0
2019-11-01,build.xml,53,53,0
2019-11-01,built-jar.properties,4,4,0
2019-11-01,Account.class,0,0,0
2019-11-01,RegisterModel.class,0,0,0
2019-11-01,Beverage.class,0,0,0
2019-11-01,Dessert.class,0,0,0
2019-11-01,Main.class,0,0,0
2019-11-01,MenuItem.class,0,0,0
2019-11-01,Starter.class,0,0,0
2019-11-01,Order.class,0,0,0
2019-11-01,LoginModel.class,0,0,0
2019-11-01,DataHandler.class,0,0,0
2019-11-01,SystemArchitecture.png,0,0,0
2019-11-01,appetiser.webp,0,0,0
2019-11-01,beverage.jpg,0,0,0
2019-11-01,dessert.jpg,0,0,0
2019-11-01,main.jpg,0,0,0
2019-11-01,starter.jpg,0,0,0
2019-11-01,RestaurantMS.class,0,0,0
2019-11-01,additem.fxml,39,39,0
2019-11-01,createaccount.fxml,38,38,0
2019-11-01,createorder.fxml,18,18,0
2019-11-01,login.fxml,30,30,0
2019-11-01,mainmenu.fxml,22,22,0
2019-11-01,AddItemController.class,0,0,0
2019-11-01,CreateAccountController.class,0,0,0
2019-11-01,CreateOrderController.class,0,0,0
2019-11-01,LoginController.class,0,0,0
2019-11-01,MainMenuController.class,0,0,0
2019-11-01,ViewController.class,0,0,0
2019-11-01,RestaurantMS.html,45,45,0
2019-11-01,RestaurantMS.jar,0,0,0
2019-11-01,RestaurantMS.jnlp,18,18,0
2019-11-01,dtjava.js,3958,3958,0
2019-11-01,error.png,0,0,0
2019-11-01,get_java.png,0,0,0
2019-11-01,get_javafx.png,0,0,0
2019-11-01,javafx-chrome.png,0,0,0
2019-11-01,javafx-loading-100x100.gif,0,0,0
2019-11-01,javafx-loading-25x25.gif,0,0,0
2019-11-01,upgrade_java.png,0,0,0
2019-11-01,upgrade_javafx.png,0,0,0
2019-11-01,manifest.mf,3,3,0
2019-11-01,build-impl.xml,1421,1421,0
2019-11-01,Run_as_WebStart.properties,2,2,0
2019-11-01,Run_in_Browser.properties,2,2,0
2019-11-01,genfiles.properties,8,8,0
2019-11-01,jfx-impl.xml,4049,4049,0
2019-11-01,Run_as_WebStart.properties,2,2,0
2019-11-01,Run_in_Browser.properties,2,2,0
2019-11-01,private.properties,6,6,0
2019-11-01,private.xml,27,27,0
2019-11-01,catalog.xml,0,0,0
2019-11-01,project.properties,113,113,0
2019-11-01,project.xml,25,25,0
2019-11-01,RegisterModel.java,50,50,0
2019-11-01,Beverage.java,2,1,1
2019-11-01,Dessert.java,2,1,1
2019-11-01,Main.java,2,1,1
2019-11-01,MenuItem.java,2,1,1
2019-11-01,Starter.java,4,3,1
2019-11-01,Order.java,5,4,1
2019-11-01,LoginModel.java,5,5,0
2019-11-01,DataHandler.java,82,82,0
2019-11-01,SQLConnector.java,1,0,1
2019-11-01,SystemArchitecture.png,0,0,0
2019-11-01,RestaurantMS.java,4,0,4
2019-11-01,additem.fxml,62,26,36
2019-11-01,createaccount.fxml,28,22,6
2019-11-01,createorder.fxml,9,5,4
2019-11-01,login.fxml,24,19,5
2019-11-01,mainmenu.fxml,8,4,4
2019-11-01,AdditemController.java,28,24,4
2019-11-01,CreateAccountController.java,52,41,11
2019-11-01,CreateOrder.java,29,0,29
2019-11-01,CreateOrderController.java,58,58,0
2019-11-01,LoginController.java,12,4,8
2019-11-01,MainMenuController.java,16,8,8
2019-11-01,ViewController.java,53,23,30
2019-11-01,Account.java,1,0,1
2019-11-01,Account.java,46,46,0
2019-11-01,Beverage.java,17,17,0
2019-11-01,Dessert.java,17,17,0
2019-11-01,Main.java,16,16,0
2019-11-01,MenuItem.java,6,6,0
2019-11-01,Order.java,51,51,0
2019-11-01,Starter.java,16,16,0
2019-11-01,appetiser.webp,0,0,0
2019-11-01,beverage.jpg,0,0,0
2019-11-01,dessert.jpg,0,0,0
2019-11-01,main.jpg,0,0,0
2019-11-01,starter.jpg,0,0,0
2019-11-01,additem.fxml,49,49,0
2019-11-01,createaccount.fxml,22,22,0
2019-11-01,createorder.fxml,3,3,0
2019-11-01,mainmenu.fxml,7,4,3
2019-11-01,AdditemController.java,22,22,0
2019-11-01,CreateAccountController.java,41,41,0
2019-11-01,CreateOrder.java,30,16,14
2019-11-01,LoginController.java,7,0,7
2019-11-01,MainMenuController.java,10,10,0
2019-11-01,ScreenController.java,6,5,1
2019-11-01,login.fxml,16,0,16
2019-11-01,LoginController.java,37,0,37
2019-11-01,RestaurantMS.java,23,0,23
2019-11-01,Account.java,1,1,0
2019-11-01,SQLConnector.java,1,1,0
2019-11-01,RestaurantMS.java,29,29,0
2019-11-01,createorder.fxml,14,14,0
2019-11-01,login.fxml,16,16,0
2019-11-01,mainmenu.fxml,21,21,0
2019-11-01,CreateOrder.java,27,27,0
2019-11-01,LoginController.java,64,64,0
2019-11-01,MainMenuController.java,24,24,0
2019-11-01,ScreenController.java,27,27,0
2019-11-01,RestaurantMS.java,23,23,0
2019-11-01,login.fxml,16,16,0
2019-11-01,LoginController.java,37,37,0
2019-10-01,README.md,2,2,0
