Date,Filename,Total,Additions,Deletions
2020-03-01,build.gradle.kts,26,10,16
2020-03-01,download.adoc,12,6,6
2020-03-01,in-mempry-h2.adoc,14,7,7
2020-03-01,postgres-in-docker.adoc,4,2,2
2020-03-01,executable-jar.adoc,8,4,4
2020-03-01,unix.adoc,8,4,4
2020-03-01,windows.adoc,4,2,2
2020-03-01,index.adoc,6,3,3
2020-03-01,gradle.properties,6,2,4
2020-03-01,subprojects.gradle.kts,4,2,2
2020-03-01,BasicJGivenTestScenario.java,4,2,2
2020-03-01,BasicContextTest.java,16,6,10
2020-03-01,application-h2.bash,2,1,1
2020-03-01,application-h2.cmd,2,1,1
2020-03-01,application.bash,2,1,1
2020-03-01,application.cmd,2,1,1
2020-03-01,settings.gradle.kts,6,4,2
2020-03-01,gradle.properties,4,1,3
2020-03-01,integration-tests.yml,72,56,16
2020-03-01,.gitignore,26,15,11
2020-03-01,.travis.yml,71,10,61
2020-03-01,integration-tests.yml,84,84,0
2020-03-01,build.gradle.kts,33,18,15
2020-03-01,build.gradle.kts,23,0,23
2020-03-01,Globals.kt,39,0,39
2020-03-01,gradle.properties,39,38,1
2020-03-01,dependencyUpdates.gradle.kts,33,0,33
2020-03-01,repo-config.gradle.kts,7,0,7
2020-03-01,subprojects.gradle.kts,18,9,9
2020-03-01,gradle-wrapper.properties,2,1,1
2020-03-01,build.gradle.kts,13,4,9
2020-03-01,build.gradle.kts,20,5,15
2020-03-01,build.gradle.kts,19,13,6
2020-03-01,tail.hbs,2,1,1
2020-03-01,application-h2.bash,2,1,1
2020-03-01,application-h2.cmd,2,1,1
2020-03-01,application.bash,2,1,1
2020-03-01,application.cmd,2,1,1
2020-03-01,settings.gradle.kts,49,33,16
2020-03-01,Globals.kt,39,0,39
2020-03-01,gradle.properties,40,40,0
2020-01-01,Globals.kt,10,5,5
2020-01-01,gradle-wrapper.properties,2,1,1
2020-01-01,application-h2.bash,2,1,1
2020-01-01,application-h2.cmd,2,1,1
2020-01-01,application.bash,2,1,1
2020-01-01,application.cmd,2,1,1
2020-01-01,.travis.yml,32,14,18
2020-01-01,maven-wrapper.properties,4,2,2
2020-01-01,.travis.yml,8,4,4
2020-01-01,build.gradle.kts,18,9,9
2020-01-01,Globals.kt,21,10,11
2020-01-01,gradle-wrapper.properties,2,1,1
2020-01-01,head.hbs,2,1,1
2020-01-01,application-h2.bash,2,1,1
2020-01-01,application-h2.cmd,2,1,1
2020-01-01,application.bash,2,1,1
2020-01-01,application.cmd,2,1,1
2020-01-01,maven-wrapper.properties,2,2,0
2020-01-01,Globals.kt,1,0,1
2019-12-01,.travis.yml,1,1,0
2019-12-01,build.gradle.kts,1,1,0
2019-12-01,Globals.kt,19,9,10
2019-12-01,head.hbs,4,2,2
2019-12-01,tail.hbs,9,2,7
2019-12-01,application-h2.bash,2,1,1
2019-12-01,application-h2.cmd,2,1,1
2019-12-01,application.bash,2,1,1
2019-12-01,application.cmd,2,1,1
2019-12-01,Globals.kt,1,0,1
2019-12-01,tail.hbs,5,0,5
2019-12-01,LICENSE,2,1,1
2019-11-01,settings.gradle.kts,2,1,1
2019-11-01,.travis.yml,8,4,4
2019-11-01,build.gradle.kts,6,1,5
2019-11-01,Dockerfile,5,3,2
2019-11-01,Dockerfile,4,2,2
2019-11-01,Dockerfile,4,2,2
2019-11-01,Dockerfile,7,4,3
2019-11-01,Dockerfile,7,4,3
2019-11-01,build.gradle.kts,21,12,9
2019-11-01,docker-compose.yml,2,1,1
2019-11-01,settings.gradle.kts,6,5,1
2019-11-01,.travis.yml,24,11,13
2019-11-01,build.gradle.kts,10,9,1
2019-11-01,Dockerfile,3,2,1
2019-11-01,Dockerfile,3,2,1
2019-11-01,Dockerfile,3,2,1
2019-11-01,build.gradle.kts,1,0,1
2019-11-01,build.gradle.kts,27,27,0
2019-11-01,build.gradle.kts,19,19,0
2019-11-01,build.gradle.kts,12,12,0
2019-11-01,settings.gradle.kts,3,2,1
2019-11-01,.travis.yml,4,3,1
2019-11-01,build.gradle.kts,4,0,4
2019-11-01,build.gradle.kts,1,1,0
2019-11-01,Globals.kt,9,4,5
2019-11-01,gradle-wrapper.properties,2,1,1
2019-11-01,FileItemsHandler.java,6,3,3
2019-11-01,build.gradle.kts,14,14,0
2019-11-01,application-h2.bash,2,1,1
2019-11-01,application-h2.cmd,2,1,1
2019-11-01,application.bash,2,1,1
2019-11-01,application.cmd,2,1,1
2019-11-01,Globals.kt,3,1,2
2019-11-01,.travis.yml,130,41,89
2019-11-01,.travis.yml,93,82,11
2019-11-01,Globals.kt,14,7,7
2019-11-01,gradle-wrapper.properties,2,1,1
2019-11-01,Dockerfile,6,4,2
2019-11-01,Dockerfile,6,4,2
2019-11-01,docker-compose-haproxy-dev.yml,2,1,1
2019-11-01,docker-compose-haproxy.yml,2,1,1
2019-11-01,docker-compose-nginx-dev.yml,2,1,1
2019-11-01,docker-compose-nginx.yml,2,1,1
2019-11-01,docker-compose.yml,2,1,1
2019-11-01,Dockerfile,6,4,2
2019-11-01,Dockerfile,6,4,2
2019-11-01,Dockerfile,6,5,1
2019-11-01,Dockerfile,6,5,1
2019-11-01,docker-compose.yml,7,5,2
2019-11-01,application-h2.bash,2,1,1
2019-11-01,application-h2.cmd,2,1,1
2019-11-01,application.bash,2,1,1
2019-11-01,application.cmd,2,1,1
2019-11-01,Globals.kt,2,1,1
2019-10-01,build.gradle.kts,2,1,1
2019-10-01,.travis.yml,12,6,6
2019-10-01,build.gradle.kts,5,3,2
2019-10-01,Globals.kt,4,2,2
2019-10-01,.travis.yml,90,46,44
2019-10-01,build.gradle.kts,2,0,2
2019-10-01,Globals.kt,8,4,4
2019-10-01,Globals.kt,8,4,4
2019-10-01,.gradletasknamecache,829,0,829
2019-10-01,Globals.kt,14,7,7
2019-10-01,gradle-wrapper.properties,2,1,1
2019-10-01,tail.hbs,2,1,1
2019-10-01,application-h2.bash,2,1,1
2019-10-01,application-h2.cmd,2,1,1
2019-10-01,application.bash,2,1,1
2019-10-01,application.cmd,2,1,1
2019-10-01,MavenWrapperDownloader.java,51,29,22
2019-10-01,maven-wrapper.jar,0,0,0
2019-10-01,maven-wrapper.properties,3,2,1
2019-10-01,Globals.kt,2,1,1
2019-10-01,docker-compose.yml,2,1,1
2019-10-01,mvnw,32,28,4
2019-10-01,mvnw.cmd,39,30,9
2019-10-01,application-h2.bash,2,1,1
2019-10-01,application-h2.cmd,2,1,1
2019-10-01,application.bash,2,1,1
2019-10-01,application.cmd,2,1,1
2019-10-01,Globals.kt,22,11,11
2019-10-01,gradle-wrapper.properties,2,1,1
2019-10-01,head.hbs,2,1,1
2019-10-01,application-h2.bash,2,1,1
2019-10-01,application-h2.cmd,2,1,1
2019-10-01,application.bash,2,1,1
2019-10-01,application.cmd,2,1,1
2019-10-01,Globals.kt,2,1,1
2019-08-01,build.gradle.kts,4,2,2
2019-08-01,Globals.kt,19,9,10
2019-08-01,docinfo-footer.html,3,2,1
2019-08-01,gradle-wrapper.properties,2,1,1
2019-08-01,lombok.config,1,0,1
2019-08-01,lombok.config,4,0,4
2019-08-01,lombok.config,1,0,1
2019-08-01,build.gradle.kts,3,2,1
2019-08-01,lombok.config,4,0,4
2019-08-01,lombok.config,1,0,1
2019-08-01,application.yml,2,1,1
2019-08-01,head.hbs,2,1,1
2019-08-01,tail.hbs,15,10,5
2019-08-01,lombok.config,3,0,3
2019-08-01,docker-compose-haproxy-dev.yml,18,9,9
2019-08-01,docker-compose-haproxy.yml,20,10,10
2019-08-01,docker-compose-nginx-dev.yml,20,10,10
2019-08-01,docker-compose-nginx.yml,20,10,10
2019-08-01,docker-compose.yml,20,10,10
2019-08-01,lombok.config,2,0,2
2019-08-01,lombok.config,2,0,2
2019-08-01,docker-compose.yml,6,4,2
2019-08-01,lombok.config,2,0,2
2019-08-01,lombok.config,2,0,2
2019-08-01,lombok.config,2,0,2
2019-08-01,lombok.config,1,0,1
2019-08-01,lombok.config,2,0,2
2019-08-01,lombok.config,1,0,1
2019-08-01,lombok.config,2,0,2
2019-08-01,application-h2.bash,2,1,1
2019-08-01,application-h2.cmd,2,1,1
2019-08-01,application.bash,2,1,1
2019-08-01,application.cmd,2,1,1
2019-08-01,Globals.kt,5,2,3
2019-08-01,head.hbs,15,15,0
2019-08-01,tail.hbs,18,18,0
2019-08-01,Globals.kt,47,0,47
2019-08-01,gradle-wrapper.properties,5,0,5
2019-08-01,application-h2.bash,135,0,135
2019-08-01,application-h2.cmd,152,0,152
2019-08-01,application.bash,162,0,162
2019-08-01,application.cmd,178,0,178
2019-07-01,Globals.kt,4,2,2
2019-07-01,gradle-wrapper.properties,2,1,1
2019-07-01,application-h2.bash,2,1,1
2019-07-01,application-h2.cmd,2,1,1
2019-07-01,application.bash,2,1,1
2019-07-01,application.cmd,2,1,1
2019-06-01,.travis.yml,90,75,15
2019-06-01,build.gradle.kts,53,19,34
2019-06-01,Globals.kt,41,19,22
2019-06-01,gradle-wrapper.properties,2,1,1
2019-06-01,build.gradle.kts,2,1,1
2019-06-01,build.gradle.kts,4,1,3
2019-06-01,build.gradle.kts,19,6,13
2019-06-01,Dockerfile,9,5,4
2019-06-01,Dockerfile,4,3,1
2019-06-01,Dockerfile,3,2,1
2019-06-01,application-h2.bash,2,1,1
2019-06-01,application-h2.cmd,2,1,1
2019-06-01,application.bash,2,1,1
2019-06-01,application.cmd,2,1,1
2019-06-01,settings.gradle.kts,2,1,1
2019-06-01,Globals.kt,41,19,22
2019-06-01,Globals.kt,1,1,0
2019-06-01,build.gradle.kts,31,22,9
2019-06-01,Globals.kt,4,2,2
2019-06-01,FileItemReactiveRepository.java,9,7,2
2019-06-01,application.yml,3,3,0
2019-06-01,application.yml,3,3,0
2019-06-01,PropsAutoConfiguration.java,9,9,0
2019-06-01,AppProps.java,2,1,1
2019-06-01,DbProps.java,2,1,1
2019-06-01,FileItemsRestServiceProps.java,2,1,1
2019-06-01,application-h2.bash,2,1,1
2019-06-01,application-h2.cmd,2,1,1
2019-06-01,application.bash,2,1,1
2019-06-01,application.cmd,2,1,1
2019-06-01,.travis.yml,163,87,76
2019-06-01,Globals.kt,4,2,2
2019-06-01,application-h2.bash,2,1,1
2019-06-01,application-h2.cmd,2,1,1
2019-06-01,application.bash,2,1,1
2019-06-01,application.cmd,2,1,1
2019-06-01,.travis.yml,209,113,96
2019-06-01,Globals.kt,12,6,6
2019-06-01,repo-config.gradle.kts,7,7,0
2019-06-01,subprojects.gradle.kts,35,35,0
2019-06-01,gradle-wrapper.properties,2,1,1
2019-06-01,head.hbs,2,1,1
2019-06-01,application-h2.bash,2,1,1
2019-06-01,application-h2.cmd,2,1,1
2019-06-01,application.bash,2,1,1
2019-06-01,application.cmd,2,1,1
2019-06-01,settings.gradle.kts,5,3,2
2019-06-01,Globals.kt,46,46,0
2019-06-01,gradle-wrapper.properties,0,0,0
2019-06-01,application-h2.bash,0,0,0
2019-06-01,application-h2.cmd,0,0,0
2019-06-01,application.bash,0,0,0
2019-06-01,application.cmd,0,0,0
2019-06-01,Globals.kt,0,0,0
2019-06-01,gradle-wrapper.properties,5,5,0
2019-06-01,application-h2.bash,135,135,0
2019-06-01,application-h2.cmd,152,152,0
2019-06-01,application.bash,162,162,0
2019-06-01,application.cmd,178,178,0
2019-06-01,Globals.kt,2,1,1
2019-06-01,Globals.kt,2,1,1
2019-06-01,gradle-wrapper.properties,2,1,1
2019-06-01,Globals.kt,14,7,7
2019-06-01,gradle-wrapper.properties,2,1,1
2019-06-01,Globals.kt,8,4,4
2019-06-01,application-h2.bash,2,1,1
2019-06-01,application-h2.cmd,2,1,1
2019-06-01,application.bash,2,1,1
2019-06-01,application.cmd,2,1,1
2019-05-01,.travis.yml,56,29,27
2019-05-01,Globals.kt,2,1,1
2019-05-01,Globals.kt,2,1,1
2019-05-01,.gradletasknamecache,829,829,0
2019-05-01,.travis.yml,80,51,29
2019-05-01,build.gradle.kts,9,5,4
2019-05-01,Globals.kt,8,4,4
2019-05-01,Dockerfile,20,20,0
2019-05-01,Dockerfile,20,20,0
2019-05-01,lombok.config,2,2,0
2019-05-01,Globals.kt,2,1,1
2019-05-01,lombok.config,4,4,0
2019-05-01,CorsWebFluxCfg.java,8,4,4
2019-05-01,JacksonCfg.java,18,0,18
2019-05-01,FileItem.java,36,11,25
2019-05-01,FileItemReactiveRepository.java,41,20,21
2019-05-01,AbstractAuditEntity.java,11,6,5
2019-05-01,FileItemsHandler.java,43,22,21
2019-05-01,FileItemsRoutes.java,18,13,5
2019-05-01,lombok.config,4,4,0
2019-05-01,FileServer.java,3,0,3
2019-05-01,FileItemRestClient.java,138,74,64
2019-05-01,FileItem.java,28,8,20
2019-05-01,AbstractAuditEntity.java,6,3,3
2019-05-01,AppCfg.java,11,0,11
2019-05-01,FilesRestResource.java,2,1,1
2019-05-01,UserRestResource.java,13,4,9
2019-05-01,DownloadService.java,7,3,4
2019-05-01,FileService.java,46,15,31
2019-05-01,UploadService.java,6,3,3
2019-05-01,FileItemUtil.java,14,6,8
2019-05-01,SecurityUtil.java,48,18,30
2019-05-01,FallbackConfig.java,1,0,1
2019-05-01,MustacheCfg.java,2,1,1
2019-05-01,WebInterceptor.java,33,20,13
2019-05-01,DisconnectController.java,5,2,3
2019-05-01,DownloadController.java,2,1,1
2019-05-01,UploadController.java,1,0,1
2019-05-01,head.hbs,2,1,1
2019-05-01,lombok.config,3,3,0
2019-05-01,lombok.config,2,2,0
2019-05-01,lombok.config,2,2,0
2019-05-01,lombok.config,2,2,0
2019-05-01,lombok.config,2,2,0
2019-05-01,lombok.config,2,2,0
2019-05-01,AppProps.java,6,2,4
2019-05-01,DbProps.java,8,4,4
2019-05-01,FileItemsRestServiceProps.java,5,1,4
2019-05-01,lombok.config,2,2,0
2019-05-01,SecurityConfig.java,8,7,1
2019-05-01,lombok.config,2,2,0
2019-05-01,.travis.yml,99,64,35
2019-05-01,build.gradle.kts,6,3,3
2019-05-01,Globals.kt,10,5,5
2019-05-01,gradle.properties,3,2,1
2019-05-01,head.hbs,2,1,1
2019-05-01,tail.hbs,4,2,2
2019-05-01,application-h2.bash,2,1,1
2019-05-01,application-h2.cmd,2,1,1
2019-05-01,application.bash,2,1,1
2019-05-01,application.cmd,2,1,1
2019-05-01,MavenWrapperDownloader.java,110,110,0
2019-05-01,maven-wrapper.jar,0,0,0
2019-05-01,maven-wrapper.properties,2,1,1
2019-05-01,.travis.yml,28,17,11
2019-05-01,build.gradle.kts,63,36,27
2019-05-01,build.gradle.kts,19,19,0
2019-05-01,Globals.kt,46,46,0
2019-05-01,gradle.properties,26,0,26
2019-05-01,Globals.kt,46,46,0
2019-05-01,gradle.properties,28,0,28
2019-05-01,build.gradle.kts,5,5,0
2019-05-01,mvnw,59,59,0
2019-05-01,mvnw.cmd,20,19,1
2019-05-01,application-h2.bash,2,1,1
2019-05-01,application-h2.cmd,2,1,1
2019-05-01,application.bash,2,1,1
2019-05-01,application.cmd,2,1,1
2019-05-01,settings.gradle.kts,15,12,3
2019-04-01,Dockerfile,7,4,3
2019-04-01,Dockerfile,2,1,1
2019-04-01,Dockerfile,2,1,1
2019-04-01,.travis.yml,6,6,0
2019-04-01,build.gradle.kts,2,1,1
2019-04-01,gradle.properties,10,5,5
2019-04-01,gradle-wrapper.properties,2,1,1
2019-04-01,tail.hbs,4,2,2
2019-04-01,application-h2.bash,2,1,1
2019-04-01,application-h2.cmd,2,1,1
2019-04-01,application.bash,2,1,1
2019-04-01,application.cmd,2,1,1
2019-04-01,build.gradle.kts,27,10,17
2019-04-01,gradle.properties,7,5,2
2019-04-01,dependencyUpdates.gradle.kts,32,32,0
2019-04-01,gradle.properties,3,3,0
2019-04-01,build.gradle.kts,1,0,1
2019-04-01,build.gradle.kts,2,0,2
2019-04-01,application-h2.bash,2,1,1
2019-04-01,application-h2.cmd,2,1,1
2019-04-01,application.bash,2,1,1
2019-04-01,application.cmd,2,1,1
2019-04-01,settings.gradle.kts,5,2,3
2019-04-01,build.gradle.kts,44,33,11
2019-04-01,gradle.properties,7,2,5
2019-04-01,dependencyUpdates.gradle.kts,1,1,0
2019-04-01,gradle.properties,3,0,3
2019-04-01,application-h2.bash,2,1,1
2019-04-01,application-h2.cmd,2,1,1
2019-04-01,application.bash,2,1,1
2019-04-01,application.cmd,2,1,1
2019-04-01,head.hbs,1,0,1
2019-04-01,nav.hbs,5,0,5
2019-04-01,tail.hbs,5,1,4
2019-04-01,build.gradle.kts,6,3,3
2019-04-01,build.gradle.kts,26,2,24
2019-04-01,build.gradle.kts,15,5,10
2019-04-01,build.gradle.kts,20,20,0
2019-04-01,build.gradle.kts,29,29,0
2019-04-01,CorsWebFluxCfg.java,33,33,0
2019-04-01,CorsWebFluxConfigurer.java,21,21,0
2019-04-01,JacksonCfg.java,11,2,9
2019-04-01,build.gradle.kts,29,29,0
2019-04-01,settings.gradle.kts,2,1,1
2019-04-01,.travis.yml,41,17,24
2019-04-01,build.gradle.kts,81,81,0
2019-04-01,gradle.properties,49,27,22
2019-04-01,gradle-wrapper.jar,0,0,0
2019-04-01,gradle-wrapper.properties,2,1,1
2019-04-01,gradlew,18,17,1
2019-04-01,gradlew.bat,18,17,1
2019-04-01,gradle.properties,49,27,22
2019-04-01,head.hbs,4,2,2
2019-04-01,tail.hbs,2,1,1
2019-04-01,application-h2.bash,2,1,1
2019-04-01,application-h2.cmd,2,1,1
2019-04-01,application.bash,2,1,1
2019-04-01,application.cmd,2,1,1
2019-04-01,settings.gradle.kts,21,21,0
2019-02-01,LICENSE,2,1,1
2019-02-01,gradle.properties,26,23,3
2019-02-01,gradle-wrapper.properties,2,1,1
2019-02-01,gradle.properties,26,23,3
2019-02-01,head.hbs,4,2,2
2019-02-01,tail.hbs,6,3,3
2019-02-01,application-h2.bash,2,1,1
2019-02-01,application-h2.cmd,2,1,1
2019-02-01,application.bash,2,1,1
2019-02-01,application.cmd,2,1,1
2019-01-01,.env,1,1,0
2019-01-01,gradle.properties,2,1,1
2019-01-01,Dockerfile,25,25,0
2019-01-01,docker-compose-haproxy-dev.yml,80,80,0
2019-01-01,docker-compose-haproxy.yml,77,77,0
2019-01-01,docker-compose-nginx-dev.yml,80,80,0
2019-01-01,docker-compose-nginx.yml,61,31,30
2019-01-01,docker-compose.yml,65,33,32
2019-01-01,Dockerfile,57,26,31
2019-01-01,Dockerfile,71,35,36
2019-01-01,Dockerfile,4,4,0
2019-01-01,haproxy.cfg,26,26,0
2019-01-01,Dockerfile,6,2,4
2019-01-01,default.conf,2,1,1
2019-01-01,docker-compose.yml,19,6,13
2019-01-01,application-h2.bash,2,1,1
2019-01-01,application-h2.cmd,2,1,1
2019-01-01,application.bash,2,1,1
2019-01-01,application.cmd,2,1,1
2019-01-01,.travis.yml,253,125,128
2019-01-01,gradle.properties,4,3,1
2019-01-01,gradle-wrapper.jar,0,0,0
2019-01-01,gradle-wrapper.properties,2,1,1
2019-01-01,gradlew,2,1,1
2019-01-01,gradlew.bat,2,1,1
2019-01-01,gradle.properties,2,2,0
2019-01-01,gradle-wrapper.properties,5,5,0
2019-01-01,head.hbs,2,1,1
2019-01-01,tail.hbs,2,1,1
2019-01-01,docker-compose-nginx.yml,76,76,0
2019-01-01,default.conf,2,1,1
2019-01-01,application-h2.bash,2,1,1
2019-01-01,application-h2.cmd,2,1,1
2019-01-01,application.bash,2,1,1
2019-01-01,application.cmd,2,1,1
2019-01-01,.travis.yml,1,1,0
2019-01-01,gradle.properties,2,1,1
2019-01-01,gradle-wrapper.properties,2,1,1
2019-01-01,docker-compose.yml,30,16,14
2019-01-01,default.conf,2,1,1
2019-01-01,docker-compose.yml,13,7,6
2019-01-01,application-h2.bash,2,1,1
2019-01-01,application-h2.cmd,2,1,1
2019-01-01,application.bash,2,1,1
2019-01-01,application.cmd,2,1,1
2018-12-01,gradle-wrapper.jar,0,0,0
2018-12-01,gradle-wrapper.properties,2,1,1
2018-12-01,maven-wrapper.properties,2,1,1
2018-12-01,gradle.properties,2,1,1
2018-12-01,gradle-wrapper.properties,2,1,1
2018-12-01,application-h2.bash,2,1,1
2018-12-01,application-h2.cmd,2,1,1
2018-12-01,application.bash,2,1,1
2018-12-01,application.cmd,2,1,1
2018-12-01,gradle.properties,1,1,0
2018-12-01,gradle.properties,1,1,0
2018-12-01,application-h2.bash,135,135,0
2018-12-01,application-h2.cmd,152,152,0
2018-12-01,application.bash,162,162,0
2018-12-01,application.cmd,178,178,0
2018-12-01,in-mempry-h2.adoc,2,1,1
2018-12-01,gradle-wrapper.jar,0,0,0
2018-12-01,gradle-wrapper.properties,2,1,1
2018-12-01,application-h2.bash,2,1,1
2018-12-01,application-h2.cmd,2,1,1
2018-12-01,application.bash,2,1,1
2018-12-01,application.cmd,2,1,1
2018-11-01,in-mempry-h2.adoc,2,1,1
2018-11-01,gradle-wrapper.jar,0,0,0
2018-11-01,gradle-wrapper.properties,2,1,1
2018-11-01,application-h2.bash,2,1,1
2018-11-01,application-h2.cmd,2,1,1
2018-11-01,application.bash,2,1,1
2018-11-01,application.cmd,2,1,1
2018-11-01,in-mempry-h2.adoc,2,1,1
2018-11-01,gradle-wrapper.jar,0,0,0
2018-11-01,gradle-wrapper.properties,2,1,1
2018-11-01,gradlew,2,1,1
2018-11-01,gradlew.bat,2,1,1
2018-11-01,application-file-orig.yml,2,1,1
2018-11-01,application.yml,2,1,1
2018-11-01,head.hbs,2,1,1
2018-11-01,tail.hbs,2,1,1
2018-11-01,application-h2.bash,2,1,1
2018-11-01,application-h2.cmd,2,1,1
2018-11-01,application.bash,2,1,1
2018-11-01,application.cmd,2,1,1
2018-10-01,.dockerignore,4,4,0
2018-10-01,.travis.yml,81,45,36
2018-10-01,in-mempry-h2.adoc,13,12,1
2018-10-01,gradle-wrapper.jar,0,0,0
2018-10-01,gradle-wrapper.properties,2,1,1
2018-10-01,FileItemReactiveRepository.java,59,59,0
2018-10-01,FileItemRepository.java,47,0,47
2018-10-01,FileItemsHandler.java,21,6,15
2018-10-01,FilesRestResource.java,2,1,1
2018-10-01,UserRestResource.java,2,1,1
2018-10-01,DownloadController.java,5,2,3
2018-10-01,download.hbs,8,4,4
2018-10-01,nav.hbs,18,10,8
2018-10-01,upload.hbs,1,0,1
2018-10-01,docker-compose.yml,62,45,17
2018-10-01,Dockerfile,33,16,17
2018-10-01,Dockerfile,35,17,18
2018-10-01,Dockerfile,6,6,0
2018-10-01,default.conf,27,27,0
2018-10-01,application-h2.bash,2,1,1
2018-10-01,application-h2.cmd,2,1,1
2018-10-01,application.bash,2,1,1
2018-10-01,application.cmd,2,1,1
2018-10-01,.java-version,2,1,1
2018-10-01,.travis.yml,1,1,0
2018-10-01,gradle-wrapper.properties,2,1,1
2018-10-01,DownloadController.java,9,9,0
2018-10-01,app.css,34,14,20
2018-10-01,download.hbs,2,1,1
2018-10-01,head.hbs,11,4,7
2018-10-01,nav.hbs,97,34,63
2018-10-01,tail.hbs,17,11,6
2018-10-01,docker-compose.yml,2,1,1
2018-10-01,SecurityConfig.java,24,10,14
2018-10-01,application-h2.bash,2,1,1
2018-10-01,application-h2.cmd,2,1,1
2018-10-01,application.bash,2,1,1
2018-10-01,application.cmd,2,1,1
2018-08-01,.travis.yml,13,11,2
2018-08-01,.java-version,1,1,0
2018-08-01,.travis.yml,23,20,3
2018-08-01,index.adoc,34,15,19
2018-08-01,docinfo-footer.html,20,20,0
2018-08-01,docinfo.html,13,0,13
2018-07-01,.travis.yml,4,2,2
2018-07-01,README.adoc,6,0,6
2018-07-01,favicon.ico,0,0,0
2018-07-01,windows-h2.cmd,8,8,0
2018-07-01,windows-pg.cmd,8,8,0
2018-07-01,windows.adoc,22,4,18
2018-07-01,index.adoc,2,1,1
2018-07-01,application-db-pg.yml,10,5,5
2018-07-01,application.yml,4,3,1
2018-07-01,application.yml,4,3,1
2018-07-01,BasicContextTest.java,4,1,3
2018-07-01,BasicContextTest.java,4,1,3
2018-07-01,.gitignore,1,1,0
2018-07-01,.travis.yml,7,4,3
2018-07-01,docinfo.html,42,42,0
2018-07-01,download.adoc,0,0,0
2018-07-01,in-mempry-h2.adoc,0,0,0
2018-07-01,postgres-in-docker.adoc,0,0,0
2018-07-01,links.adoc,0,0,0
2018-07-01,releases.adoc,0,0,0
2018-07-01,executable-jar.adoc,1,1,0
2018-07-01,unix.adoc,0,0,0
2018-07-01,windows.adoc,4,2,2
2018-07-01,index.adoc,2,1,1
2018-07-01,docinfo.html,26,0,26
2018-07-01,favicon.ico,0,0,0
2018-07-01,gradle-wrapper.properties,2,1,1
2018-06-01,application-h2.bash,2,1,1
2018-06-01,application-h2.cmd,2,1,1
2018-06-01,application.bash,2,1,1
2018-06-01,application.cmd,2,1,1
2018-06-01,releases.adoc,3,2,1
2018-06-01,index.adoc,2,1,1
2018-06-01,application-h2.bash,2,1,1
2018-06-01,application-h2.cmd,2,1,1
2018-06-01,application.bash,2,1,1
2018-06-01,application.cmd,2,1,1
2018-06-01,maven-wrapper.jar,0,0,0
2018-06-01,maven-wrapper.properties,1,1,0
2018-06-01,.travis.yml,24,20,4
2018-06-01,download.adoc,2,2,0
2018-06-01,in-mempry-h2.adoc,2,2,0
2018-06-01,postgres-in-docker.adoc,2,2,0
2018-06-01,links.adoc,3,3,0
2018-06-01,create-new.adoc,16,7,9
2018-06-01,executable-jar.adoc,2,2,0
2018-06-01,unix.adoc,2,2,0
2018-06-01,windows.adoc,2,2,0
2018-06-01,gradle-wrapper.properties,2,1,1
2018-06-01,mvnw,227,227,0
2018-06-01,mvnw.cmd,143,143,0
2018-06-01,application-h2.bash,2,1,1
2018-06-01,application-h2.cmd,2,1,1
2018-06-01,application.bash,2,1,1
2018-06-01,application.cmd,2,1,1
2018-06-01,docinfo.html,18,12,6
2018-06-01,.travis.yml,21,11,10
2018-06-01,.travis.yml,3,2,1
2018-06-01,links.adoc,22,22,0
2018-06-01,index.adoc,5,4,1
2018-06-01,FileItemsRoutes.java,7,0,7
2018-06-01,application-db-h2.yml,11,5,6
2018-06-01,application-db-pg.yml,30,30,0
2018-06-01,application.yml,47,43,4
2018-06-01,application-common.yml,14,0,14
2018-06-01,application-db-pg.yml,22,0,22
2018-06-01,application-db-props.yml,7,0,7
2018-06-01,application-mvc.yml,4,0,4
2018-06-01,application-file-orig.yml,4,4,0
2018-06-01,application.yml,89,84,5
2018-06-01,application-app-props.yml,9,0,9
2018-06-01,application-common.yml,14,0,14
2018-06-01,application-file-items-rest-service-config.yml,5,0,5
2018-06-01,application-file.yml,13,0,13
2018-06-01,application-mvc.yml,9,0,9
2018-06-01,application-h2.bash,2,1,1
2018-06-01,application-h2.cmd,2,1,1
2018-06-01,application.bash,4,2,2
2018-06-01,application.cmd,2,1,1
2018-06-01,.gitignore,1,1,0
2018-06-01,.travis.yml,3,2,1
2018-06-01,index.adoc,33,26,7
2018-06-01,.travis.yml,4,4,0
2018-06-01,.travis.yml,16,12,4
2018-06-01,gradle-wrapper.properties,2,1,1
2018-05-01,.travis.yml,2,2,0
2018-05-01,download.adoc,2,1,1
2018-05-01,create-new.adoc,2,1,1
2018-05-01,download.adoc,23,23,0
2018-05-01,in-mempry-h2.adoc,18,10,8
2018-05-01,postgres-in-docker.adoc,14,4,10
2018-05-01,create-new.adoc,4,2,2
2018-05-01,executable-jar.adoc,15,6,9
2018-05-01,unix.adoc,14,10,4
2018-05-01,windows.adoc,6,2,4
2018-05-01,index.adoc,13,6,7
2018-05-01,in-mempry-h2.adoc,9,7,2
2018-05-01,postgres-in-docker.adoc,10,6,4
2018-05-01,executable-jar.adoc,8,5,3
2018-05-01,.gitignore,4,2,2
2018-05-01,.travis.yml,19,10,9
2018-05-01,application-db.yml,11,0,11
2018-05-01,create-new.adoc,2,1,1
2018-05-01,FileItemsService.java,2,2,0
2018-05-01,AppCfg.java,0,0,0
2018-05-01,AuditConfig.java,0,0,0
2018-05-01,Jsr310JpaCfg.java,0,0,0
2018-05-01,FileItem.java,19,11,8
2018-05-01,FileItemRepository.java,0,0,0
2018-05-01,FileType.java,0,0,0
2018-05-01,AbstractAuditEntity.java,12,6,6
2018-05-01,FileItemsHandler.java,0,0,0
2018-05-01,FileItemsRoutes.java,0,0,0
2018-05-01,lombok.config,0,0,0
2018-05-01,application.yml,0,0,0
2018-05-01,application-common.yml,0,0,0
2018-05-01,application-db-h2.yml,14,9,5
2018-05-01,application-db-pg.yml,22,22,0
2018-05-01,application-db-props.yml,7,7,0
2018-05-01,application-mvc.yml,0,0,0
2018-05-01,favicon.ico,0,0,0
2018-05-01,default,0,0,0
2018-05-01,FileServer.java,6,4,2
2018-05-01,FileItemRestClient.java,0,0,0
2018-05-01,FileItem.java,0,0,0
2018-05-01,FileType.java,0,0,0
2018-05-01,AbstractAuditEntity.java,0,0,0
2018-05-01,AppCfg.java,0,0,0
2018-05-01,FilesRestResource.java,0,0,0
2018-05-01,UserRestResource.java,0,0,0
2018-05-01,DownloadService.java,0,0,0
2018-05-01,FileService.java,0,0,0
2018-05-01,UploadService.java,0,0,0
2018-05-01,FileItemUtil.java,0,0,0
2018-05-01,SecurityUtil.java,0,0,0
2018-05-01,IndexPage.java,0,0,0
2018-05-01,FallbackConfig.java,0,0,0
2018-05-01,MustacheCfg.java,0,0,0
2018-05-01,WebInterceptor.java,0,0,0
2018-05-01,DisconnectController.java,0,0,0
2018-05-01,DownloadController.java,0,0,0
2018-05-01,UploadController.java,0,0,0
2018-05-01,lombok.config,0,0,0
2018-05-01,application.yml,0,0,0
2018-05-01,application-app-props.yml,0,0,0
2018-05-01,application-common.yml,0,0,0
2018-05-01,application-file-items-rest-service-config.yml,0,0,0
2018-05-01,application-file-orig.yml,0,0,0
2018-05-01,application-file.yml,0,0,0
2018-05-01,application-mvc.yml,0,0,0
2018-05-01,app.css,0,0,0
2018-05-01,favicon.ico,0,0,0
2018-05-01,index.hbs,0,0,0
2018-05-01,download.hbs,0,0,0
2018-05-01,head.hbs,0,0,0
2018-05-01,nav.hbs,0,0,0
2018-05-01,tail.hbs,0,0,0
2018-05-01,upload.hbs,0,0,0
2018-05-01,BasicActionWhen.java,0,0,0
2018-05-01,BasicJGivenTestScenario.java,0,0,0
2018-05-01,BasicOutcomeThen.java,0,0,0
2018-05-01,BasicStateGiven.java,0,0,0
2018-05-01,BasicStaticClassTest.java,0,0,0
2018-05-01,BasicContextTest.java,0,0,0
2018-05-01,docker-compose.yml,2,1,1
2018-05-01,Dockerfile,8,4,4
2018-05-01,Dockerfile,6,3,3
2018-05-01,docker-compose.yml,4,2,2
2018-05-01,PropsAutoConfiguration.java,6,6,0
2018-05-01,AppProps.java,0,0,0
2018-05-01,DbProps.java,0,0,0
2018-05-01,FileItemsRestServiceProps.java,0,0,0
2018-05-01,lombok.config,1,1,0
2018-05-01,BasicContextTest.java,31,31,0
2018-05-01,application-app-props.yml,9,9,0
2018-05-01,application-db-props.yml,0,0,0
2018-05-01,application-file-items-rest-service-props.yml,2,2,0
2018-05-01,application.yaml,4,4,0
2018-05-01,WebSecurityAutoConfiguration.java,6,6,0
2018-05-01,SecurityConfig.java,10,5,5
2018-05-01,lombok.config,1,1,0
2018-05-01,BasicContextTest.java,32,32,0
2018-05-01,application.yaml,4,4,0
2018-05-01,application-h2.bash,2,1,1
2018-05-01,application-h2.cmd,4,2,2
2018-05-01,application.bash,4,2,2
2018-05-01,application.cmd,4,2,2
2018-04-01,gradle-wrapper.properties,2,1,1
2018-04-01,LICENSE,21,21,0
2018-04-01,.travis.yml,24,12,12
2018-04-01,SecurityConfig.java,33,18,15
2018-04-01,docker-compose.yml,4,2,2
2018-04-01,Dockerfile,37,27,10
2018-04-01,Dockerfile,36,27,9
2018-04-01,docker-compose.yml,12,9,3
2018-04-01,application-h2.bash,2,1,1
2018-04-01,application-h2.cmd,2,1,1
2018-04-01,application.bash,2,1,1
2018-04-01,application.cmd,2,1,1
2018-03-01,.travis.yml,14,3,11
2018-03-01,.travis.yml,31,19,12
2018-03-01,README.adoc,2,1,1
2018-03-01,favicon.ico,0,0,0
2018-03-01,index.html,777,0,777
2018-03-01,docinfo.html,0,0,0
2018-03-01,in-mempry-h2.adoc,0,0,0
2018-03-01,postgres-in-docker.adoc,0,0,0
2018-03-01,create-new.adoc,0,0,0
2018-03-01,executable-jar.adoc,0,0,0
2018-03-01,unix.adoc,0,0,0
2018-03-01,windows.adoc,0,0,0
2018-03-01,index.adoc,0,0,0
2018-03-01,favicon.ico,0,0,0
2018-03-01,gradle-wrapper.jar,0,0,0
2018-03-01,gradle-wrapper.properties,3,1,2
2018-03-01,application-h2.bash,2,1,1
2018-03-01,application-h2.cmd,2,1,1
2018-03-01,application.bash,2,1,1
2018-03-01,application.cmd,2,1,1
2018-02-01,.travis.yml,27,6,21
2018-02-01,SecurityConfig.java,6,3,3
2018-02-01,favicon.ico,0,0,0
2018-02-01,index.html,777,777,0
2018-02-01,gradle-wrapper.jar,0,0,0
2018-02-01,gradle-wrapper.properties,3,2,1
2018-01-01,.travis.yml,42,21,21
2018-01-01,.travis.yml,42,21,21
2018-01-01,AppCfg.java,12,0,12
2018-01-01,FileItem.java,3,2,1
2018-01-01,FileItemRepository.java,58,58,0
2018-01-01,AbstractAuditEntity.java,2,1,1
2018-01-01,FileItemsHandler.java,78,78,0
2018-01-01,FileItemsRestResource.java,56,0,56
2018-01-01,FileItemsRoutes.java,32,32,0
2018-01-01,application-h2.bash,2,1,1
2018-01-01,application-h2.cmd,2,1,1
2018-01-01,application.bash,2,1,1
2018-01-01,application.cmd,2,1,1
2018-01-01,.travis.yml,42,21,21
2018-01-01,.gitignore,1,1,0
2018-01-01,.travis.yml,82,42,40
2018-01-01,FileItemsService.java,8,5,3
2018-01-01,AppCfg.java,12,12,0
2018-01-01,FileItemRepository.java,3,1,2
2018-01-01,FileItemsRestResource.java,6,4,2
2018-01-01,application-db-h2.yml,5,5,0
2018-01-01,application-db.yml,2,1,1
2018-01-01,FileServer.java,7,4,3
2018-01-01,SecurityConfig.java,70,70,0
2018-01-01,FallbackConfig.java,42,42,0
2018-01-01,MustacheCfg.java,6,2,4
2018-01-01,application.yml,1,0,1
2018-01-01,application-file-orig.yml,6,6,0
2018-01-01,application-file.yml,13,10,3
2018-01-01,application-mvc.yml,6,3,3
2018-01-01,application-security.yml,3,0,3
2018-01-01,app.css,0,0,0
2018-01-01,favicon.ico,0,0,0
2018-01-01,head.hbs,4,2,2
2018-01-01,BasicStaticClassTest.java,3,1,2
2018-01-01,create-new.adoc,2,1,1
2018-01-01,docker-compose.yml,15,5,10
2018-01-01,Dockerfile,2,1,1
2018-01-01,Dockerfile,6,3,3
2018-01-01,docker-compose.yml,4,0,4
2018-01-01,application-h2.bash,4,2,2
2018-01-01,application-h2.cmd,4,2,2
2018-01-01,application.bash,4,2,2
2018-01-01,application.cmd,4,2,2
2018-01-01,create-new.adoc,5,4,1
2018-01-01,.travis.yml,42,21,21
2018-01-01,.travis.yml,170,84,86
2018-01-01,gradle-wrapper.jar,0,0,0
2018-01-01,gradle-wrapper.properties,5,0,5
2018-01-01,gradlew,172,0,172
2018-01-01,gradlew.bat,84,0,84
2018-01-01,create-new.adoc,19,19,0
2018-01-01,index.adoc,3,3,0
2018-01-01,docker-compose.yml,10,5,5
2018-01-01,Dockerfile,30,20,10
2018-01-01,Dockerfile,37,24,13
2018-01-01,favicon.ico,0,0,0
2018-01-01,index.html,714,0,714
2018-01-01,gradle-wrapper.jar,0,0,0
2018-01-01,gradle-wrapper.properties,2,1,1
2018-01-01,application-h2.bash,2,1,1
2018-01-01,application-h2.cmd,2,1,1
2018-01-01,application.bash,2,1,1
2018-01-01,application.cmd,2,1,1
2017-11-01,.travis.yml,30,13,17
2017-11-01,README.adoc,2,1,1
2017-11-01,favicon.ico,0,0,0
2017-11-01,index.html,714,714,0
2017-11-01,application-h2.bash,2,1,1
2017-11-01,application-h2.cmd,2,1,1
2017-11-01,application.bash,2,1,1
2017-11-01,application.cmd,2,1,1
2017-11-01,Dockerfile,4,2,2
2017-11-01,Dockerfile,4,2,2
2017-11-01,favicon.ico,0,0,0
2017-11-01,index.html,714,0,714
2017-11-01,gradle-wrapper.jar,0,0,0
2017-11-01,gradle-wrapper.properties,5,5,0
2017-11-01,gradlew,172,172,0
2017-11-01,gradlew.bat,84,84,0
2017-11-01,gradle-wrapper.properties,4,2,2
2017-11-01,.travis.yml,2,1,1
2017-11-01,README.adoc,0,0,0
2017-11-01,docinfo.html,0,0,0
2017-11-01,in-mempry-h2.adoc,0,0,0
2017-11-01,postgres-in-docker.adoc,0,0,0
2017-11-01,executable-jar.adoc,0,0,0
2017-11-01,unix.adoc,0,0,0
2017-11-01,windows.adoc,0,0,0
2017-11-01,index.adoc,0,0,0
2017-11-01,favicon.ico,0,0,0
2017-11-01,favicon.ico,0,0,0
2017-11-01,index.html,714,714,0
2017-11-01,gradle-wrapper.jar,0,0,0
2017-11-01,gradle-wrapper.properties,4,2,2
2017-11-01,.travis.yml,4,4,0
2017-11-01,gradle-wrapper.properties,3,1,2
2017-11-01,default,14,14,0
2017-10-01,in-mempry-h2.adoc,11,11,0
2017-10-01,postgres-in-docker.adoc,23,23,0
2017-10-01,executable-jar.adoc,13,13,0
2017-10-01,unix.adoc,10,2,8
2017-10-01,windows.adoc,10,2,8
2017-10-01,index.adoc,10,5,5
2017-10-01,in-mempry-h2.adoc,9,0,9
2017-10-01,postgres-in-docker.adoc,24,0,24
2017-10-01,executable-jar.adoc,13,0,13
2017-10-01,README.adoc,6,6,0
2017-10-01,docinfo.html,20,20,0
2017-10-01,index.adoc,40,40,0
2017-10-01,favicon.ico,0,0,0
2017-10-01,in-mempry-h2.adoc,9,9,0
2017-10-01,postgres-in-docker.adoc,24,24,0
2017-10-01,executable-jar.adoc,13,13,0
2017-10-01,unix.adoc,42,42,0
2017-10-01,windows.adoc,42,42,0
2017-10-01,.travis.yml,22,21,1
2017-10-01,.gitattributes,4,4,0
2017-10-01,.travis.yml,8,4,4
2017-10-01,application-h2.bash,160,0,160
2017-10-01,application.bash,198,0,198
2017-10-01,docker-compose.yml,26,11,15
2017-10-01,Dockerfile,0,0,0
2017-10-01,Dockerfile,0,0,0
2017-10-01,docker-compose.yml,0,0,0
2017-10-01,application-h2.bash,135,135,0
2017-10-01,application-h2.cmd,0,0,0
2017-10-01,application.bash,162,162,0
2017-10-01,application.cmd,0,0,0
2017-10-01,application-h2.bash,2,1,1
2017-10-01,application-h2.cmd,133,77,56
2017-10-01,application.bash,2,1,1
2017-10-01,application.cmd,149,81,68
2017-10-01,application-h2.bash,4,2,2
2017-10-01,application-h2.cmd,4,2,2
2017-10-01,application.cmd,4,2,2
2017-10-01,FileService.java,5,4,1
2017-10-01,FileService.java,6,4,2
2017-10-01,application.yml,1,1,0
2017-10-01,application-mvc.yml,4,4,0
2017-10-01,favicon.ico,0,0,0
2017-10-01,application-mvc.yml,3,3,0
2017-10-01,favicon.ico,0,0,0
2017-10-01,head.hbs,1,1,0
2017-10-01,QFileItem.java,62,0,62
2017-10-01,QAbstractAuditEntity.java,41,0,41
2017-10-01,.travis.yml,28,14,14
2017-10-01,.gitignore,3,2,1
2017-10-01,QFileItem.java,62,62,0
2017-10-01,QAbstractAuditEntity.java,41,41,0
2017-10-01,FileItemsService.java,4,2,2
2017-10-01,AppCfg.java,0,0,0
2017-10-01,AuditConfig.java,0,0,0
2017-10-01,Jsr310JpaCfg.java,0,0,0
2017-10-01,DbProps.java,0,0,0
2017-10-01,FileItem.java,0,0,0
2017-10-01,FileItemRepository.java,0,0,0
2017-10-01,FileType.java,0,0,0
2017-10-01,AbstractAuditEntity.java,0,0,0
2017-10-01,FileItemsRestResource.java,0,0,0
2017-10-01,lombok.config,0,0,0
2017-10-01,application.yml,0,0,0
2017-10-01,application-common.yml,0,0,0
2017-10-01,application-db-h2.yml,0,0,0
2017-10-01,application-db-props.yml,0,0,0
2017-10-01,application-db.yml,0,0,0
2017-10-01,FileServer.java,4,2,2
2017-10-01,FileItemRestClient.java,0,0,0
2017-10-01,FileItem.java,0,0,0
2017-10-01,FileType.java,0,0,0
2017-10-01,AbstractAuditEntity.java,0,0,0
2017-10-01,AppCfg.java,0,0,0
2017-10-01,AppProps.java,0,0,0
2017-10-01,FileItemsRestServiceProps.java,0,0,0
2017-10-01,FilesRestResource.java,0,0,0
2017-10-01,UserRestResource.java,0,0,0
2017-10-01,DownloadService.java,0,0,0
2017-10-01,FileService.java,0,0,0
2017-10-01,UploadService.java,0,0,0
2017-10-01,FileItemUtil.java,0,0,0
2017-10-01,SecurityUtil.java,0,0,0
2017-10-01,IndexPage.java,0,0,0
2017-10-01,MustacheCfg.java,0,0,0
2017-10-01,WebInterceptor.java,0,0,0
2017-10-01,DisconnectController.java,0,0,0
2017-10-01,DownloadController.java,0,0,0
2017-10-01,UploadController.java,0,0,0
2017-10-01,lombok.config,0,0,0
2017-10-01,application.yml,0,0,0
2017-10-01,application-app-props.yml,0,0,0
2017-10-01,application-common.yml,0,0,0
2017-10-01,application-file-items-rest-service-config.yml,0,0,0
2017-10-01,application-file.yml,0,0,0
2017-10-01,application-mvc.yml,0,0,0
2017-10-01,application-security.yml,0,0,0
2017-10-01,app.css,0,0,0
2017-10-01,index.hbs,0,0,0
2017-10-01,download.hbs,0,0,0
2017-10-01,head.hbs,0,0,0
2017-10-01,nav.hbs,0,0,0
2017-10-01,tail.hbs,0,0,0
2017-10-01,upload.hbs,0,0,0
2017-10-01,BasicActionWhen.java,0,0,0
2017-10-01,BasicJGivenTestScenario.java,0,0,0
2017-10-01,BasicOutcomeThen.java,0,0,0
2017-10-01,BasicStateGiven.java,0,0,0
2017-10-01,BasicStaticClassTest.java,0,0,0
2017-10-01,BasicContextTest.java,2,1,1
2017-10-01,application-h2.bash,52,25,27
2017-10-01,application-h2.cmd,162,84,78
2017-10-01,application.bash,72,31,41
2017-10-01,application.cmd,213,110,103
2017-10-01,docker-compose.yml,38,19,19
2017-10-01,Dockerfile,2,1,1
2017-10-01,Dockerfile,2,1,1
2017-10-01,.gitkeep,0,0,0
2017-10-01,gradle-wrapper.properties,2,1,1
2017-10-01,.gitignore,2,1,1
2017-10-01,application-h2.bash,2,1,1
2017-10-01,application-h2.cmd,2,1,1
2017-10-01,application.bash,2,1,1
2017-10-01,application.cmd,2,1,1
2017-10-01,README.adoc,1,0,1
2017-10-01,docker-compose.yml,10,5,5
2017-10-01,Dockerfile,8,5,3
2017-10-01,Dockerfile,13,8,5
2017-10-01,docker-compose.yml,4,4,0
2017-10-01,application-common.yml,6,3,3
2017-10-01,application-db-h2.yml,7,4,3
2017-10-01,application-app-props.yml,3,2,1
2017-10-01,application-common.yml,7,4,3
2017-10-01,application-file.yml,9,5,4
2017-10-01,application-mvc.yml,7,5,2
2017-10-01,streaming-file-server.cmd,14,12,2
2017-10-01,BasicStaticClassTest.java,2,1,1
2017-10-01,.gitignore,25,13,12
2017-10-01,streaming-file-server.bash,37,26,11
2017-10-01,.travis.yml,23,16,7
2017-10-01,QFileItem.java,62,0,62
2017-10-01,QAbstractAuditEntity.java,41,0,41
2017-10-01,streaming-file-server-h2.bash,2,1,1
2017-10-01,streaming-file-server-h2.cmd,14,12,2
2017-10-01,streaming-file-server-h2.bash,39,27,12
2017-10-01,.travis.yml,27,15,12
2017-10-01,docker-compose.yml,4,3,1
2017-10-01,application-common.yml,4,2,2
2017-10-01,docker-compose.yml,23,10,13
2017-10-01,Dockerfile,0,0,0
2017-10-01,application-common.yml,2,1,1
2017-10-01,application-file-items-rest-service-config.yml,8,4,4
2017-10-01,QFileItem.java,6,3,3
2017-10-01,QAbstractAuditEntity.java,4,2,2
2017-10-01,FileItem.java,6,3,3
2017-10-01,FileItemRepository.java,6,1,5
2017-10-01,FileType.java,2,1,1
2017-10-01,AbstractAuditEntity.java,2,1,1
2017-10-01,FileItemsRestResource.java,6,3,3
2017-10-01,DownloadRestResource.java,39,0,39
2017-10-01,UploadRestResource.java,20,0,20
2017-10-01,App.java,2,1,1
2017-10-01,FileItemRestClient.java,3,2,1
2017-10-01,FileItem.java,50,50,0
2017-10-01,FileType.java,2,1,1
2017-10-01,AbstractAuditEntity.java,2,1,1
2017-10-01,FileItemsRestServiceProps.java,4,1,3
2017-10-01,FileItem.java,72,0,72
2017-10-01,FilesRestResource.java,6,3,3
2017-10-01,UserRestResource.java,4,2,2
2017-10-01,DownloadService.java,4,2,2
2017-10-01,FileService.java,4,2,2
2017-10-01,UploadService.java,2,1,1
2017-10-01,IndexPage.java,2,1,1
2017-10-01,MustacheCfg.java,4,2,2
2017-10-01,WebInterceptor.java,2,1,1
2017-10-01,DisconnectController.java,2,1,1
2017-10-01,BasicActionWhen.java,2,1,1
2017-10-01,BasicJGivenTestScenario.java,2,1,1
2017-10-01,BasicOutcomeThen.java,2,1,1
2017-10-01,BasicStateGiven.java,2,1,1
2017-10-01,BasicStaticClassTest.java,2,1,1
2017-10-01,BasicContextTest.java,2,1,1
2017-10-01,FileItemsRestResource.java,9,9,0
2017-10-01,FileItemRestClient.java,21,19,2
2017-10-01,DownloadService.java,3,1,2
2017-10-01,FileItemsRestResource.java,9,8,1
2017-10-01,FileItemRestClient.java,27,18,9
2017-10-01,FileItem.java,18,18,0
2017-10-01,AbstractAuditEntity.java,14,12,2
2017-10-01,FileItemsRestResource.java,5,5,0
2017-10-01,FileItem.java,14,10,4
2017-10-01,FileItemRestClient.java,19,18,1
2017-10-01,AbstractAuditEntity.java,14,12,2
2017-10-01,download.hbs,7,3,4
2017-10-01,QFileItem.java,62,62,0
2017-10-01,QAbstractAuditEntity.java,41,41,0
2017-10-01,App.java,10,3,7
2017-10-01,AppCfg.java,2,1,1
2017-10-01,AuditConfig.java,2,1,1
2017-10-01,Jsr310JpaCfg.java,2,1,1
2017-10-01,DbProps.java,2,1,1
2017-10-01,FileItem.java,19,3,16
2017-10-01,FileItemRepository.java,2,1,1
2017-10-01,FileType.java,5,5,0
2017-10-01,AbstractAuditEntity.java,2,1,1
2017-10-01,DownloadRestResource.java,39,39,0
2017-10-01,FileItemsRestResource.java,33,33,0
2017-10-01,UploadRestResource.java,20,20,0
2017-10-01,lombok.config,1,1,0
2017-10-01,application.yml,6,6,0
2017-10-01,application-common.yml,14,14,0
2017-10-01,application-db-h2.yml,0,0,0
2017-10-01,application-db-props.yml,0,0,0
2017-10-01,application-db.yml,0,0,0
2017-10-01,docker-compose.yml,32,25,7
2017-10-01,Dockerfile,9,9,0
2017-10-01,Dockerfile,4,2,2
2017-10-01,FileType.java,5,0,5
2017-10-01,App.java,26,26,0
2017-10-01,AppCfg.java,25,25,0
2017-10-01,MustacheCfg.java,4,2,2
2017-10-01,AppProps.java,2,1,1
2017-10-01,FileItemsRestServiceProps.java,17,17,0
2017-10-01,WebInterceptor.java,12,3,9
2017-10-01,FileItem.java,66,66,0
2017-10-01,FileItemRestClient.java,65,65,0
2017-10-01,FileType.java,5,5,0
2017-10-01,AbstractAuditEntity.java,28,28,0
2017-10-01,FilesResource.java,6,3,3
2017-10-01,UserResource.java,4,2,2
2017-10-01,DownloadService.java,17,7,10
2017-10-01,FileService.java,10,5,5
2017-10-01,UploadService.java,12,4,8
2017-10-01,FileItemUtil.java,2,1,1
2017-10-01,SecurityUtil.java,2,1,1
2017-10-01,IndexPage.java,10,5,5
2017-10-01,DisconnectController.java,4,2,2
2017-10-01,DownloadController.java,6,3,3
2017-10-01,UploadController.java,14,7,7
2017-10-01,application.yml,3,1,2
2017-10-01,application-common.yml,6,6,0
2017-10-01,application-file-items-rest-service-config.yml,5,5,0
2017-10-01,download.hbs,4,2,2
2017-10-01,.gitignore,1,0,1
2017-10-01,README.adoc,0,0,0
2017-10-01,Dockerfile,0,0,0
2017-10-01,docker-compose.yml,2,1,1
2017-10-01,docker-compose.yml,0,0,0
2017-10-01,ExceptionHandler.java,40,0,40
2017-10-01,.travis.yml,24,12,12
2017-10-01,streaming-file-server-h2.bash,2,1,1
2017-10-01,streaming-file-server-h2.cmd,2,1,1
2017-10-01,streaming-file-server.bash,2,1,1
2017-10-01,streaming-file-server.cmd,2,1,1
2017-10-01,ExceptionHandler.java,1,1,0
2017-10-01,WebInterceptor.java,16,7,9
2017-10-01,UserResource.java,26,26,0
2017-10-01,SecurityUtil.java,60,60,0
2017-10-01,ExceptionHandler.java,1,0,1
2017-10-01,DisconnectController.java,27,17,10
2017-10-01,UploadController.java,13,4,9
2017-10-01,application.yml,2,1,1
2017-10-01,application-fb.yml,4,0,4
2017-10-01,application-security.yml,3,3,0
2017-10-01,streaming-file-server.bash,2,1,1
2017-10-01,streaming-file-server.cmd,2,1,1
2017-10-01,streaming-file-server-h2.bash,147,147,0
2017-10-01,streaming-file-server-h2.cmd,115,115,0
2017-10-01,streaming-file-server.bash,2,1,1
2017-10-01,streaming-file-server.cmd,2,1,1
2017-10-01,streaming-file-server.cmd,149,148,1
2017-10-01,org.eclipse.buildship.core.prefs,2,0,2
2017-10-01,org.eclipse.buildship.core.prefs,2,0,2
2017-10-01,org.eclipse.buildship.core.prefs,2,0,2
2017-10-01,.classpath,10,0,10
2017-10-01,.gitignore,3,3,0
2017-10-01,org.eclipse.buildship.core.prefs,2,0,2
2017-10-01,.classpath,10,10,0
2017-10-01,org.eclipse.buildship.core.prefs,2,2,0
2017-10-01,org.eclipse.buildship.core.prefs,2,2,0
2017-10-01,org.eclipse.buildship.core.prefs,2,2,0
2017-10-01,org.eclipse.buildship.core.prefs,2,2,0
2017-10-01,.travis.yml,24,14,10
2017-10-01,streaming-file-server.bash,2,1,1
2017-10-01,application.yml,1,1,0
2017-10-01,application-common.yml,7,7,0
2017-10-01,application-db-disabled.yml,8,0,8
2017-10-01,application-db-h2.yml,9,6,3
2017-10-01,application-db.yml,2,1,1
2017-10-01,.travis.yml,39,24,15
2017-10-01,streaming-file-server.cmd,1,1,0
2017-10-01,Dockerfile,11,11,0
2017-10-01,docker-compose.yml,30,18,12
2017-10-01,head.hbs,1,1,0
2017-10-01,.gitignore,7,5,2
2017-10-01,streaming-file-server.bash,193,193,0
2017-10-01,.gitkeep,0,0,0
2017-10-01,gradle-wrapper.jar,0,0,0
2017-10-01,gradle-wrapper.properties,3,2,1
2017-10-01,application-app-props.yml,4,2,2
2017-10-01,application-db.yml,2,1,1
2017-10-01,application-h2-db.yml,8,8,0
2017-09-01,.gitignore,1,1,0
2017-09-01,.travis.yml,8,3,5
2017-09-01,docker-compose.yml,2,1,1
2017-09-01,application-app-props.yml,4,2,2
2017-09-01,App.class,0,0,0
2017-09-01,AppCfg.class,0,0,0
2017-09-01,AuditConfig.class,0,0,0
2017-09-01,Jsr310JpaCfg.class,0,0,0
2017-09-01,MustacheCfg.class,0,0,0
2017-09-01,AppProps$Config.class,0,0,0
2017-09-01,AppProps.class,0,0,0
2017-09-01,DbProps$Server.class,0,0,0
2017-09-01,DbProps.class,0,0,0
2017-09-01,WebInterceptor.class,0,0,0
2017-09-01,FileItem.class,0,0,0
2017-09-01,FileItemRepository.class,0,0,0
2017-09-01,FileType.class,0,0,0
2017-09-01,QFileItem.class,0,0,0
2017-09-01,AbstractAuditEntity.class,0,0,0
2017-09-01,QAbstractAuditEntity.class,0,0,0
2017-09-01,FilesResource.class,0,0,0
2017-09-01,DownloadService.class,0,0,0
2017-09-01,FileService.class,0,0,0
2017-09-01,UploadService.class,0,0,0
2017-09-01,FileItemUtil.class,0,0,0
2017-09-01,IndexPage.class,0,0,0
2017-09-01,ExceptionHandler.class,0,0,0
2017-09-01,DisconnectController.class,0,0,0
2017-09-01,DownloadController.class,0,0,0
2017-09-01,UploadController.class,0,0,0
2017-09-01,application.yml,9,0,9
2017-09-01,application-app-props.yml,8,0,8
2017-09-01,application-db-disabled.yml,8,0,8
2017-09-01,application-db-props.yml,7,0,7
2017-09-01,application-db.yml,11,0,11
2017-09-01,application-fb.yml,4,0,4
2017-09-01,application-file.yml,5,0,5
2017-09-01,application-mvc.yml,3,0,3
2017-09-01,app.css,26,0,26
2017-09-01,index.hbs,4,0,4
2017-09-01,download.hbs,43,0,43
2017-09-01,head.hbs,17,0,17
2017-09-01,nav.hbs,64,0,64
2017-09-01,tail.hbs,11,0,11
2017-09-01,upload.hbs,7,0,7
2017-09-01,BasicActionWhen.class,0,0,0
2017-09-01,BasicJGivenTestScenario.class,0,0,0
2017-09-01,BasicOutcomeThen.class,0,0,0
2017-09-01,BasicStateGiven.class,0,0,0
2017-09-01,BasicStaticClassTest$StaticClass.class,0,0,0
2017-09-01,BasicStaticClassTest.class,0,0,0
2017-09-01,BasicContextTest.class,0,0,0
2017-09-01,.gitignore,10,4,6
2017-09-01,.travis.yml,76,52,24
2017-09-01,gradle-wrapper.jar,0,0,0
2017-09-01,gradle-wrapper.properties,5,5,0
2017-09-01,gradlew,172,172,0
2017-09-01,gradlew.bat,84,84,0
2017-09-01,docker-compose.yml,5,4,1
2017-09-01,App.class,0,0,0
2017-09-01,AppCfg.class,0,0,0
2017-09-01,AuditConfig.class,0,0,0
2017-09-01,Jsr310JpaCfg.class,0,0,0
2017-09-01,MustacheCfg.class,0,0,0
2017-09-01,AppProps$Config.class,0,0,0
2017-09-01,AppProps.class,0,0,0
2017-09-01,DbProps$Server.class,0,0,0
2017-09-01,DbProps.class,0,0,0
2017-09-01,WebInterceptor.class,0,0,0
2017-09-01,FileItem.class,0,0,0
2017-09-01,FileItemRepository.class,0,0,0
2017-09-01,FileType.class,0,0,0
2017-09-01,QFileItem.class,0,0,0
2017-09-01,AbstractAuditEntity.class,0,0,0
2017-09-01,QAbstractAuditEntity.class,0,0,0
2017-09-01,FilesResource.class,0,0,0
2017-09-01,DownloadService.class,0,0,0
2017-09-01,FileService.class,0,0,0
2017-09-01,UploadService.class,0,0,0
2017-09-01,FileItemUtil.class,0,0,0
2017-09-01,IndexPage.class,0,0,0
2017-09-01,ExceptionHandler.class,0,0,0
2017-09-01,DisconnectController.class,0,0,0
2017-09-01,DownloadController.class,0,0,0
2017-09-01,UploadController.class,0,0,0
2017-09-01,application.yml,9,9,0
2017-09-01,application-app-props.yml,8,8,0
2017-09-01,application-db-disabled.yml,8,8,0
2017-09-01,application-db-props.yml,7,7,0
2017-09-01,application-db.yml,11,11,0
2017-09-01,application-fb.yml,4,4,0
2017-09-01,application-file.yml,5,5,0
2017-09-01,application-mvc.yml,3,3,0
2017-09-01,app.css,26,26,0
2017-09-01,index.hbs,4,4,0
2017-09-01,download.hbs,43,43,0
2017-09-01,head.hbs,17,17,0
2017-09-01,nav.hbs,64,64,0
2017-09-01,tail.hbs,11,11,0
2017-09-01,upload.hbs,7,7,0
2017-09-01,BasicActionWhen.class,0,0,0
2017-09-01,BasicJGivenTestScenario.class,0,0,0
2017-09-01,BasicOutcomeThen.class,0,0,0
2017-09-01,BasicStateGiven.class,0,0,0
2017-09-01,BasicStaticClassTest$StaticClass.class,0,0,0
2017-09-01,BasicStaticClassTest.class,0,0,0
2017-09-01,BasicContextTest.class,0,0,0
2017-09-01,App.java,2,1,1
2017-09-01,AppCfg.java,11,11,0
2017-09-01,MustacheCfg.java,3,1,2
2017-09-01,DbProps.java,1,1,0
2017-09-01,WebInterceptor.java,10,4,6
2017-09-01,FileItemRepository.java,4,2,2
2017-09-01,FilesResource.java,26,26,0
2017-09-01,DownloadService.java,17,4,13
2017-09-01,FileService.java,30,11,19
2017-09-01,UploadService.java,5,1,4
2017-09-01,DownloadService.java,13,0,13
2017-09-01,FileService.java,18,0,18
2017-09-01,UploadService.java,8,0,8
2017-09-01,FileItemUtil.java,9,5,4
2017-09-01,IndexPage.java,6,2,4
2017-09-01,ExceptionHandler.java,14,10,4
2017-09-01,DisconnectController.java,2,1,1
2017-09-01,DownloadController.java,7,3,4
2017-09-01,UploadController.java,7,5,2
2017-09-01,lombok.config,1,1,0
2017-09-01,application.yml,14,7,7
2017-09-01,BasicStaticClassTest.java,4,2,2
2017-06-01,.gitignore,13,6,7
2017-06-01,last-build.bin,0,0,0
2017-06-01,taskHistory.lock,0,0,0
2017-06-01,last-build.bin,0,0,0
2017-06-01,fileHashes.bin,0,0,0
2017-06-01,fileHashes.lock,0,0,0
2017-06-01,built.bin,0,0,0
2017-06-01,cache.properties,2,0,2
2017-06-01,cache.properties.lock,1,0,1
2017-06-01,last-build.bin,0,0,0
2017-06-01,taskHistory.lock,0,0,0
2017-06-01,last-build.bin,0,0,0
2017-06-01,fileHashes.bin,0,0,0
2017-06-01,fileHashes.lock,0,0,0
2017-06-01,fileSnapshots.bin,0,0,0
2017-06-01,taskHistory.bin,0,0,0
2017-06-01,taskHistory.lock,0,0,0
2017-06-01,built.bin,0,0,0
2017-06-01,cache.properties,2,0,2
2017-06-01,cache.properties.lock,1,0,1
2017-06-01,QFileItem.java,62,0,62
2017-06-01,QAbstractAuditEntity.java,41,0,41
2017-06-01,.gitignore,1,1,0
2017-06-01,last-build.bin,0,0,0
2017-06-01,annotation-processors.bin,0,0,0
2017-06-01,fileContent.lock,0,0,0
2017-06-01,fileHashes.bin,0,0,0
2017-06-01,fileSnapshots.bin,0,0,0
2017-06-01,jvmClassSignatures.bin,0,0,0
2017-06-01,taskHistory.bin,0,0,0
2017-06-01,taskHistory.lock,0,0,0
2017-06-01,last-build.bin,0,0,0
2017-06-01,fileHashes.bin,0,0,0
2017-06-01,fileHashes.lock,0,0,0
2017-06-01,built.bin,0,0,0
2017-06-01,cache.properties,2,0,2
2017-06-01,cache.properties.lock,1,0,1
2017-06-01,docker-compose.yml,4,2,2
2017-06-01,App.java,22,13,9
2017-06-01,AppCfg.java,8,4,4
2017-06-01,MustacheCfg.java,12,6,6
2017-06-01,DbProps.java,21,21,0
2017-06-01,WebInterceptor.java,50,25,25
2017-06-01,FileItem.java,46,23,23
2017-06-01,FileItemRepository.java,4,2,2
2017-06-01,FileType.java,2,1,1
2017-06-01,AbstractAuditEntity.java,4,3,1
2017-06-01,DownloadServiceBean.java,42,21,21
2017-06-01,FileServiceBean.java,180,90,90
2017-06-01,UploadServiceBean.java,44,22,22
2017-06-01,DownloadService.java,4,2,2
2017-06-01,FileService.java,8,4,4
2017-06-01,UploadService.java,2,1,1
2017-06-01,FileItemUtil.java,35,17,18
2017-06-01,IndexPage.java,26,13,13
2017-06-01,ExceptionHandler.java,24,12,12
2017-06-01,DisconnectController.java,18,9,9
2017-06-01,DownloadController.java,20,10,10
2017-06-01,UploadController.java,16,8,8
2017-06-01,application.yml,4,2,2
2017-06-01,application-app-props.yml,0,0,0
2017-06-01,application-db-disabled.yml,8,8,0
2017-06-01,application-db-props.yml,0,0,0
2017-06-01,application-db.yml,8,0,8
2017-06-01,download.hbs,7,4,3
2017-06-01,BasicActionWhen.java,12,6,6
2017-06-01,BasicJGivenTestScenario.java,12,6,6
2017-06-01,BasicOutcomeThen.java,14,7,7
2017-06-01,BasicStateGiven.java,12,6,6
2017-06-01,BasicStaticClassTest.java,32,16,16
2017-06-01,BasicContextTest.java,12,6,6
2017-06-01,fileContent.lock,0,0,0
2017-06-01,fileHashes.bin,0,0,0
2017-06-01,fileSnapshots.bin,0,0,0
2017-06-01,taskHistory.bin,0,0,0
2017-06-01,taskHistory.lock,0,0,0
2017-06-01,.travis.yml,4,4,0
2017-06-01,docker-compose.yml,4,2,2
2017-06-01,fileContent.lock,0,0,0
2017-06-01,fileHashes.bin,0,0,0
2017-06-01,fileSnapshots.bin,0,0,0
2017-06-01,taskHistory.bin,0,0,0
2017-06-01,taskHistory.lock,0,0,0
2017-06-01,cache.properties,4,2,2
2017-06-01,FileItemRepository.java,3,2,1
2017-06-01,tail.hbs,2,1,1
2017-06-01,.gitignore,3,2,1
2017-06-01,last-build.bin,0,0,0
2017-06-01,annotation-processors.bin,0,0,0
2017-06-01,fileContent.lock,0,0,0
2017-06-01,fileHashes.bin,0,0,0
2017-06-01,fileSnapshots.bin,0,0,0
2017-06-01,jvmClassSignatures.bin,0,0,0
2017-06-01,taskHistory.bin,0,0,0
2017-06-01,taskHistory.lock,0,0,0
2017-06-01,last-build.bin,0,0,0
2017-06-01,fileHashes.bin,0,0,0
2017-06-01,fileHashes.lock,0,0,0
2017-06-01,built.bin,0,0,0
2017-06-01,cache.properties,2,2,0
2017-06-01,cache.properties.lock,1,1,0
2017-06-01,.travis.yml,28,27,1
2017-06-01,README.adoc,1,1,0
2017-06-01,last-build.bin,0,0,0
2017-06-01,taskHistory.lock,0,0,0
2017-06-01,last-build.bin,0,0,0
2017-06-01,fileHashes.bin,0,0,0
2017-06-01,fileHashes.lock,0,0,0
2017-06-01,built.bin,0,0,0
2017-06-01,cache.properties,2,2,0
2017-06-01,cache.properties.lock,1,1,0
2017-06-01,docker-compose.yml,29,29,0
2017-06-01,last-build.bin,0,0,0
2017-06-01,taskHistory.lock,0,0,0
2017-06-01,last-build.bin,0,0,0
2017-06-01,fileHashes.bin,0,0,0
2017-06-01,fileHashes.lock,0,0,0
2017-06-01,fileSnapshots.bin,0,0,0
2017-06-01,taskHistory.bin,0,0,0
2017-06-01,taskHistory.lock,0,0,0
2017-06-01,built.bin,0,0,0
2017-06-01,cache.properties,2,2,0
2017-06-01,cache.properties.lock,1,1,0
2017-06-01,docker-compose.yml,16,16,0
2017-06-01,QFileItem.java,62,62,0
2017-06-01,QAbstractAuditEntity.java,41,41,0
2017-06-01,application.yml,1,1,0
2017-06-01,application-db.yml,23,17,6
2017-06-01,application-props.yml,7,7,0
2017-06-01,BasicActionWhen.java,1,0,1
2017-06-01,BasicJGivenTestScenario.java,1,0,1
2017-06-01,BasicOutcomeThen.java,1,0,1
2017-06-01,BasicStateGiven.java,2,1,1
2017-05-01,.gitignore,6,5,1
2017-05-01,.gitkeep,0,0,0
2017-05-01,FileItemRepository.java,4,2,2
2017-05-01,DownloadServiceBean.java,6,3,3
2017-05-01,FileServiceBean.java,112,56,56
2017-05-01,UploadServiceBean.java,5,3,2
2017-05-01,DownloadService.java,2,1,1
2017-05-01,FileService.java,2,1,1
2017-05-01,UploadService.java,2,1,1
2017-05-01,FileItemUtil.java,25,8,17
2017-05-01,IndexPage.java,19,6,13
2017-05-01,ExceptionHandler.java,2,1,1
2017-05-01,DisconnectController.java,18,8,10
2017-05-01,DownloadController.java,6,3,3
2017-05-01,UploadController.java,11,4,7
2017-05-01,application-db.yml,1,0,1
2017-05-01,BasicActionWhen.java,3,2,1
2017-05-01,BasicJGivenTestScenario.java,2,2,0
2017-05-01,BasicOutcomeThen.java,4,2,2
2017-05-01,BasicStaticClassTest.java,3,3,0
2017-05-01,BasicContextTest.java,8,4,4
2017-05-01,streaming-file-server.iml,126,0,126
2017-05-01,AppProps.java,20,20,0
2017-05-01,WebInterceptor.java,18,5,13
2017-05-01,FileItemRepository.java,13,0,13
2017-05-01,ExceptionHandler.java,1,1,0
2017-05-01,FileServiceBean.java,20,9,11
2017-05-01,application.properties,26,0,26
2017-05-01,application.yml,8,8,0
2017-05-01,application-app.yml,8,8,0
2017-05-01,application-db.yml,9,9,0
2017-05-01,application-fb.yml,4,4,0
2017-05-01,application-file.yml,5,5,0
2017-05-01,application-mvc.yml,3,3,0
2017-05-01,.gitignore,9,4,5
2017-05-01,App.java,4,3,1
2017-05-01,AppCfg.java,1,0,1
2017-05-01,AuditConfig.java,8,8,0
2017-05-01,MustacheCfg.java,8,3,5
2017-05-01,WebInterceptor.java,29,13,16
2017-05-01,FileItem.java,27,11,16
2017-05-01,FileType.java,1,0,1
2017-05-01,AbstractAuditEntity.java,39,39,0
2017-05-01,ExceptionHandler.java,10,8,2
2017-05-01,DownloadServiceBean.java,36,19,17
2017-05-01,FileServiceBean.java,51,24,27
2017-05-01,UploadServiceBean.java,30,16,14
2017-05-01,DownloadService.java,4,2,2
2017-05-01,UploadService.java,3,1,2
2017-05-01,FileItemUtil.java,17,6,11
2017-05-01,IndexPage.java,27,18,9
2017-05-01,Get.java,26,0,26
2017-05-01,Post.java,26,0,26
2017-05-01,WebPage.java,26,0,26
2017-05-01,DisconnectResource.java,10,5,5
2017-05-01,DownloadResource.java,25,10,15
2017-05-01,UploadResource.java,26,17,9
2017-05-01,application.properties,9,6,3
2017-05-01,download.hbs,17,12,5
2017-05-01,head.hbs,12,6,6
2017-05-01,nav.hbs,5,0,5
2017-05-01,App.java,2,0,2
2017-05-01,H2ConsoleCfg.java,19,0,19
2017-05-01,MustacheCfg.java,3,2,1
2017-05-01,BasicContextTest.java,6,2,4
2016-04-01,.gitignore,1,1,0
2016-04-01,streaming-file-server.iml,225,10,215
2016-04-01,DisconnectResource.java,2,1,1
2016-04-01,app.css,2,1,1
2016-04-01,App.java,4,4,0
2016-04-01,AppCfg.java,1,1,0
2016-04-01,H2ConsoleCfg.java,3,3,0
2016-04-01,Jsr310JpaCfg.java,3,1,2
2016-04-01,MustacheCfg.java,2,2,0
2016-04-01,WebInterceptor.java,14,3,11
2016-04-01,FileItem.java,2,2,0
2016-04-01,FileItemRepository.java,1,1,0
2016-04-01,FileType.java,1,1,0
2016-04-01,DownloadServiceBean.java,3,3,0
2016-04-01,FileServiceBean.java,10,10,0
2016-04-01,UploadServiceBean.java,2,2,0
2016-04-01,DownloadService.java,1,1,0
2016-04-01,FileService.java,1,1,0
2016-04-01,UploadService.java,1,1,0
2016-04-01,IndexPage.java,1,1,0
2016-04-01,Get.java,1,1,0
2016-04-01,Post.java,1,1,0
2016-04-01,WebPage.java,1,1,0
2016-04-01,LogoutResource.java,31,0,31
2016-04-01,DownloadResource.java,2,2,0
2016-04-01,DisconnectResource.java,33,33,0
2016-04-01,UploadResource.java,1,1,0
2016-04-01,app.css,2,1,1
2016-04-01,nav.hbs,6,5,1
2016-04-01,tail.hbs,2,1,1
2016-04-01,AppCfg.java,14,14,0
2016-04-01,WebInterceptor.java,1,0,1
2016-04-01,LogoutResource.java,31,31,0
2016-04-01,DownloadResource.java,2,1,1
2016-04-01,application.properties,2,2,0
2016-04-01,head.hbs,5,3,2
2016-04-01,nav.hbs,2,1,1
2016-04-01,WebInterceptor.java,9,2,7
2016-04-01,DownloadServiceBean.java,1,1,0
2016-04-01,upload.hbs,4,2,2
2016-04-01,app.css,21,20,1
2016-04-01,nav.hbs,10,7,3
2016-04-01,tail.hbs,4,2,2
2016-04-01,WebInterceptor.java,39,37,2
2016-04-01,application.properties,3,3,0
2016-04-01,head.hbs,3,2,1
2016-04-01,nav.hbs,33,27,6
2016-04-01,tail.hbs,4,2,2
2016-04-01,streaming-file-server.iml,12,9,3
2016-03-01,Jsr310JpaCfg.java,3,2,1
2016-03-01,WebInterceptor.java,12,5,7
2016-03-01,FileItem.java,2,1,1
2016-03-01,ExceptionHandler.java,27,27,0
2016-03-01,FileServiceBean.java,60,30,30
2016-03-01,FileItemUtil.java,3,2,1
2016-03-01,IndexPage.java,2,0,2
2016-03-01,Get.java,9,3,6
2016-03-01,Post.java,9,3,6
2016-03-01,WebPage.java,13,6,7
2016-03-01,DownloadResource.java,2,0,2
2016-03-01,UploadResource.java,2,0,2
2016-03-01,DownloadServiceBean.java,9,4,5
2016-03-01,UploadServiceBean.java,3,2,1
2016-03-01,DownloadService.java,2,1,1
2016-03-01,DownloadResource.java,8,4,4
2016-03-01,UploadResource.java,2,1,1
2016-03-01,download.hbs,4,2,2
2016-03-01,nav.hbs,2,1,1
2016-03-01,.gitignore,1,1,0
2016-03-01,AppTests.java,15,0,15
2016-03-01,BasicActionWhen.java,15,15,0
2016-03-01,BasicJGivenTestScenario.java,13,13,0
2016-03-01,BasicOutcomeThen.java,20,20,0
2016-03-01,BasicStateGiven.java,15,15,0
2016-03-01,BasicStaticClassTest.java,38,38,0
2016-03-01,BasicContextTest.java,25,25,0
2016-03-01,streaming-file-server.iml,325,325,0
2016-03-01,streaming-file-server.iml,106,0,106
2016-03-01,App.java,2,1,1
2016-03-01,FileItem.java,6,3,3
2016-03-01,FileItemRepository.java,6,3,3
2016-03-01,FileServiceBean.java,36,20,16
2016-03-01,UploadServiceBean.java,1,0,1
2016-03-01,download.hbs,8,3,5
2016-03-01,streaming-file-server.iml,1,1,0
2016-03-01,FileItem.java,4,4,0
2016-03-01,FileItemRepository.java,2,1,1
2016-03-01,DownloadServiceBean.java,7,2,5
2016-03-01,FileServiceBean.java,42,30,12
2016-03-01,DownloadService.java,4,2,2
2016-03-01,Get.java,11,7,4
2016-03-01,Post.java,11,7,4
2016-03-01,DownloadController.java,8,2,6
2016-03-01,UploadController.java,6,2,4
2016-03-01,download.hbs,62,34,28
2016-03-01,nav.hbs,17,11,6
2016-03-01,streaming-file-server.iml,208,2,206
2016-03-01,UploadController.java,3,1,2
2016-03-01,IndexPage.java,2,1,1
2016-03-01,application.properties,2,1,1
2016-03-01,.gitignore,8,8,0
2016-03-01,.travis.yml,7,7,0
2016-03-01,.gitkeep,0,0,0
2016-03-01,.gitkeep,0,0,0
2016-03-01,App.java,22,22,0
2016-03-01,H2ConsoleCfg.java,16,16,0
2016-03-01,Jsr310JpaCfg.java,9,9,0
2016-03-01,MustacheCfg.java,20,20,0
2016-03-01,WebInterceptor.java,52,52,0
2016-03-01,FileItem.java,60,60,0
2016-03-01,FileItemRepository.java,28,28,0
2016-03-01,FileType.java,5,5,0
2016-03-01,DownloadServiceBean.java,52,52,0
2016-03-01,FileServiceBean.java,133,133,0
2016-03-01,UploadServiceBean.java,39,39,0
2016-03-01,DownloadService.java,12,12,0
2016-03-01,FileService.java,17,17,0
2016-03-01,UploadService.java,8,8,0
2016-03-01,FileItemUtil.java,50,50,0
2016-03-01,IndexPage.java,31,31,0
2016-03-01,Get.java,25,25,0
2016-03-01,Post.java,25,25,0
2016-03-01,WebPage.java,26,26,0
2016-03-01,DownloadController.java,40,40,0
2016-03-01,UploadController.java,30,30,0
2016-03-01,application.properties,18,18,0
2016-03-01,app.css,7,7,0
2016-03-01,index.hbs,4,4,0
2016-03-01,download.hbs,31,31,0
2016-03-01,head.hbs,15,15,0
2016-03-01,nav.hbs,35,35,0
2016-03-01,tail.hbs,11,11,0
2016-03-01,upload.hbs,7,7,0
2016-03-01,AppTests.java,15,15,0
2016-03-01,streaming-file-server.iml,309,309,0
