Date,Filename,Total,Additions,Deletions
2017-07-01,template_tags.py,5,3,2
2017-07-01,template_tags.py,5,3,2
2017-06-01,gitcommitid.disabled.py,24,24,0
2017-06-01,cli.py,6,3,3
2017-06-01,commands.py,2,1,1
2017-06-01,site.py,9,8,1
2017-06-01,template_tags.py,7,7,0
2017-02-01,cli.py,6,3,3
2017-02-01,site.py,9,8,1
2017-02-01,template_tags.py,7,7,0
2017-02-01,commands.py,2,1,1
2016-10-01,gitcommitid.disabled.py,24,24,0
2016-09-01,template_tags.py,4,2,2
2016-09-01,logger.py,8,4,4
2016-09-01,page.py,26,23,3
2016-09-01,page.py,33,25,8
2016-09-01,template_tags.py,4,2,2
2016-09-01,page.py,11,7,4
2016-09-01,logger.py,2,1,1
2016-09-01,logger.py,10,5,5
2016-07-01,site.py,20,14,6
2016-07-01,auth.py,2,1,1
2016-07-01,site.py,9,4,5
2016-07-01,blog.disabled.py,33,25,8
2016-07-01,blog.disabled.py,33,25,8
2016-07-01,setup.py,21,20,1
2016-07-01,blog.disabled.py,32,22,10
2016-07-01,blog.disabled.py,34,23,11
2016-07-01,blog.disabled.py,32,22,10
2016-07-01,blog.disabled.py,34,23,11
2016-06-01,blog.disabled.py,7,6,1
2016-06-01,blog.disabled.py,7,6,1
2016-01-01,blog.disabled.py,7,6,1
2016-01-01,blog.disabled.py,7,6,1
2016-06-01,auth.py,2,1,1
2016-06-01,blog.disabled.py,4,2,2
2016-06-01,blog.disabled.py,2,1,1
2016-06-01,site.py,9,4,5
2016-06-01,setup.py,21,20,1
2016-06-01,setup.py,21,20,1
2016-05-01,blog.disabled.py,2,1,1
2016-02-01,site.py,20,14,6
2016-03-01,auth.py,2,1,1
2016-02-01,setup.py,2,1,1
2016-02-01,server.py,22,13,9
2016-02-01,test_cli.py,47,43,4
2015-10-01,server.py,2,1,1
2015-10-01,server.py,20,12,8
2015-10-01,test_cli.py,47,43,4
2016-02-01,site.py,9,4,5
2016-01-01,blog.disabled.py,2,1,1
2016-01-01,blog.disabled.py,2,1,1
2015-10-01,filesystem.py,25,11,14
2015-10-01,cli.py,5,3,2
2015-10-01,test_cli.py,4,4,0
2015-10-01,cli.py,22,15,7
2015-10-01,test_cli.py,18,16,2
2015-10-01,filesystem.py,25,11,14
2015-10-01,compat.py,30,30,0
2015-10-01,test_build.py,7,5,2
2015-10-01,test_cli.py,25,21,4
2015-10-01,test_listener.py,10,6,4
2015-10-01,compat.py,30,30,0
2015-10-01,test_build.py,7,5,2
2015-10-01,test_listener.py,10,6,4
2015-10-01,test_cli.py,25,21,4
2015-10-01,setup.py,2,1,1
2015-10-01,setup.py,2,1,1
2015-10-01,cli.py,6,5,1
2015-10-01,test_cli.py,58,34,24
2015-10-01,setup.py,2,1,1
2015-10-01,sass.py,35,0,35
2015-10-01,setup.py,2,1,1
2015-10-01,ipc.py,4,3,1
2015-10-01,logger.py,4,3,1
2015-10-01,cli.py,64,35,29
2015-10-01,logger.py,25,14,11
2015-10-01,test_cli.py,4,2,2
2015-10-01,cli.py,19,10,9
2015-10-01,cli.py,14,5,9
2015-10-01,__init__.py,10,6,4
2015-10-01,__init__.py,4,2,2
2015-10-01,test_bootstrap.py,10,4,6
2015-10-01,test_cli.py,55,55,0
2015-10-01,test_ui.py,3,0,3
2015-10-01,__init__.py,19,15,4
2015-10-01,cli.py,121,73,48
2015-10-01,__init__.py,15,10,5
2015-10-01,__init__.py,2,1,1
2015-10-01,test_ui.py,3,2,1
2015-10-01,setup.py,2,1,1
2015-10-01,mac.py,2,1,1
2015-10-01,__init__.py,2,1,1
2015-10-01,setup.py,2,1,1
2015-10-01,__init__.py,4,0,4
2015-10-01,cli.py,121,73,48
2015-10-01,__init__.py,2,1,1
2015-10-01,test_ui.py,3,2,1
2015-10-01,__init__.py,15,15,0
2015-10-01,__init__.py,2,1,1
2015-10-01,mac.py,2,1,1
2015-10-01,__init__.py,15,10,5
2015-09-01,file.py,18,10,8
2015-09-01,test_config.py,33,32,1
2015-09-01,sync.py,1,0,1
2015-09-01,test_compat.py,2,1,1
2015-09-01,setup.py,2,1,1
2015-09-01,__init__.py,2,1,1
2015-09-01,archive.py,5,3,2
2015-09-01,browser.py,16,8,8
2015-09-01,__init__.py,1,0,1
2015-09-01,page.py,2,1,1
2015-09-01,paths.py,2,1,1
2015-09-01,fallback.py,2,1,1
2015-09-01,router.py,4,2,2
2015-09-01,closure.py,2,1,1
2015-09-01,sass.py,2,1,1
2015-09-01,yui.py,2,1,1
2015-09-01,auth.py,4,2,2
2015-09-01,auth.py,2,1,1
2015-09-01,engine.py,1,0,1
2015-09-01,file.py,2,1,1
2015-09-01,engine.py,7,2,5
2015-09-01,file.py,7,4,3
2015-09-01,__init__.py,1,0,1
2015-09-01,domain.py,121,60,61
2015-09-01,engine.py,13,8,5
2015-09-01,file.py,6,3,3
2015-09-01,exceptions.py,2,1,1
2015-09-01,commands.py,2,1,1
2015-09-01,__init__.py,7,3,4
2015-09-01,mac.py,28,14,14
2015-09-01,polling.py,6,4,2
2015-09-01,logger.py,24,13,11
2015-09-01,mime.py,2,1,1
2015-09-01,page.py,21,12,9
2015-09-01,context.py,2,1,1
2015-09-01,ignore.py,8,4,4
2015-09-01,defaults.py,2,1,1
2015-09-01,loader.py,6,2,4
2015-09-01,manager.py,2,1,1
2015-09-01,server.py,26,13,13
2015-09-01,site.py,56,27,29
2015-09-01,blog.disabled.py,112,56,56
2015-09-01,coffeescript.disabled.py,20,10,10
2015-09-01,haml.disabled.py,2,1,1
2015-09-01,page_context.py,2,1,1
2015-09-01,sass.disabled.py,2,1,1
2015-09-01,scss.disabled.py,26,13,13
2015-09-01,sprites.disabled.py,44,22,22
2015-09-01,__init__.py,22,11,11
2015-09-01,__init__.py,2,1,1
2015-09-01,exceptions.py,2,1,1
2015-09-01,template_tags.py,14,7,7
2015-09-01,__init__.py,9,7,2
2015-09-01,test.py,2,1,1
2015-09-01,blog.disabled.py,112,56,56
2015-09-01,coffeescript.disabled.py,4,2,2
2015-09-01,haml.disabled.py,2,1,1
2015-09-01,page_context.py,2,1,1
2015-09-01,sass.disabled.py,2,1,1
2015-09-01,scss.disabled..py,26,13,13
2015-09-01,sprites.disabled.py,40,20,20
2015-09-01,static_optimizers.py,2,1,1
2015-09-01,version.py,69,35,34
2015-09-01,__init__.py,15,8,7
2015-09-01,test_deploy.py,18,13,5
2015-09-01,test_basic.py,2,1,1
2015-09-01,test_bootstrap.py,8,4,4
2015-09-01,test_build.py,3,1,2
2015-09-01,test_compat.py,2,1,1
2015-09-01,test_context.py,2,1,1
2015-09-01,test_deploy.py,4,3,1
2015-09-01,test_external.py,2,1,1
2015-09-01,test_listener.py,208,103,105
2015-09-01,test_mime.py,1,0,1
2015-09-01,test_plugins.py,2,1,1
2015-09-01,test_template_tags.py,4,2,2
2015-09-01,test_urls.py,3,2,1
2015-09-01,ui.py,12,7,5
2015-09-01,file.py,12,7,5
2015-09-01,filesystem.py,8,5,3
2015-09-01,helpers.py,13,11,2
2015-09-01,internal.py,15,8,7
2015-09-01,ipc.py,13,7,6
2015-09-01,network.py,8,4,4
2015-09-01,packaging.py,2,1,1
2015-09-01,parallel.py,20,11,9
2015-09-01,sync.py,35,18,17
2015-09-01,url.py,13,6,7
2015-09-01,setup.py,3,2,1
2015-09-01,setup.py,3,2,1
2015-04-01,site.py,5,4,1
2015-01-01,__init__.py,2,1,1
2015-01-01,browser.py,14,7,7
2015-01-01,__init__.py,1,0,1
2015-01-01,page.py,2,1,1
2015-01-01,paths.py,2,1,1
2015-01-01,router.py,4,2,2
2015-01-01,closure.py,2,1,1
2015-01-01,sass.py,2,1,1
2015-01-01,yui.py,2,1,1
2015-01-01,auth.py,4,2,2
2015-01-01,auth.py,2,1,1
2015-01-01,engine.py,1,0,1
2015-01-01,file.py,2,1,1
2015-01-01,file.py,4,2,2
2015-01-01,__init__.py,1,0,1
2015-01-01,domain.py,119,59,60
2015-01-01,engine.py,6,4,2
2015-01-01,file.py,6,3,3
2015-01-01,exceptions.py,2,1,1
2015-01-01,commands.py,2,1,1
2015-01-01,mac.py,28,14,14
2015-01-01,logger.py,19,9,10
2015-01-01,mime.py,2,1,1
2015-01-01,page.py,7,4,3
2015-01-01,context.py,2,1,1
2015-01-01,ignore.py,8,4,4
2015-01-01,defaults.py,2,1,1
2015-01-01,loader.py,4,1,3
2015-01-01,manager.py,2,1,1
2015-01-01,server.py,19,9,10
2015-01-01,site.py,30,15,15
2015-01-01,blog.disabled.py,112,56,56
2015-01-01,coffeescript.disabled.py,20,10,10
2015-01-01,haml.disabled.py,2,1,1
2015-01-01,page_context.py,2,1,1
2015-01-01,sass.disabled.py,2,1,1
2015-01-01,scss.disabled.py,26,13,13
2015-01-01,sprites.disabled.py,38,19,19
2015-01-01,__init__.py,22,11,11
2015-01-01,exceptions.py,2,1,1
2015-01-01,template_tags.py,6,3,3
2015-01-01,__init__.py,2,1,1
2015-01-01,test.py,2,1,1
2015-01-01,blog.disabled.py,112,56,56
2015-01-01,coffeescript.disabled.py,4,2,2
2015-01-01,haml.disabled.py,2,1,1
2015-01-01,page_context.py,2,1,1
2015-01-01,sass.disabled.py,2,1,1
2015-01-01,scss.disabled..py,26,13,13
2015-01-01,sprites.disabled.py,38,19,19
2015-01-01,static_optimizers.py,2,1,1
2015-01-01,version.py,68,34,34
2015-01-01,test_basic.py,2,1,1
2015-01-01,test_compat.py,2,1,1
2015-01-01,test_context.py,2,1,1
2015-01-01,test_external.py,2,1,1
2015-01-01,test_listener.py,208,103,105
2015-01-01,test_mime.py,1,0,1
2015-01-01,test_plugins.py,2,1,1
2015-01-01,test_template_tags.py,4,2,2
2015-01-01,test_urls.py,3,2,1
2015-01-01,ui.py,2,1,1
2015-01-01,filesystem.py,2,1,1
2015-01-01,helpers.py,2,1,1
2015-01-01,internal.py,1,0,1
2015-01-01,ipc.py,13,7,6
2015-01-01,network.py,2,1,1
2015-01-01,packaging.py,2,1,1
2015-01-01,parallel.py,4,2,2
2015-01-01,sync.py,22,11,11
2015-01-01,url.py,2,1,1
2015-01-01,__init__.py,3,1,2
2015-01-01,server.py,7,4,3
2015-01-01,file.py,3,2,1
2015-01-01,page.py,5,3,2
2015-01-01,__init__.py,6,4,2
2015-01-01,test_deploy.py,18,13,5
2015-01-01,test_deploy.py,4,3,1
2015-01-01,file.py,9,5,4
2015-01-01,engine.py,3,2,1
2015-01-01,version.py,3,2,1
2015-01-01,ui.py,3,2,1
2015-01-01,parallel.py,4,3,1
2015-01-01,sync.py,13,7,6
2015-01-01,internal.py,7,3,4
2015-01-01,internal.py,9,6,3
2015-01-01,engine.py,7,2,5
2015-01-01,site.py,12,3,9
2015-01-01,filesystem.py,6,4,2
2015-01-01,helpers.py,11,10,1
2015-01-01,template_tags.py,8,4,4
2015-01-01,domain.py,2,1,1
2015-01-01,site.py,7,4,3
2015-01-01,polling.py,6,4,2
2015-01-01,logger.py,5,4,1
2015-01-01,archive.py,5,3,2
2015-01-01,page.py,9,5,4
2015-01-01,__init__.py,9,4,5
2015-01-01,test_bootstrap.py,8,4,4
2015-01-01,ui.py,7,4,3
2015-01-01,file.py,5,3,2
2015-01-01,network.py,6,3,3
2015-01-01,url.py,11,5,6
2015-01-01,fallback.py,2,1,1
2015-01-01,browser.py,2,1,1
2015-01-01,engine.py,4,2,2
2015-01-01,__init__.py,4,2,2
2015-01-01,loader.py,2,1,1
2015-01-01,site.py,2,1,1
2015-01-01,blog.disabled.py,2,1,1
2015-01-01,sprites.disabled.py,6,3,3
2015-01-01,__init__.py,2,1,1
2015-01-01,blog.disabled.py,2,1,1
2015-01-01,sprites.disabled.py,2,1,1
2015-01-01,parallel.py,14,7,7
2015-01-01,test_build.py,3,1,2
2015-01-01,__init__.py,7,6,1
2015-09-01,site.py,2,1,1
2015-09-01,site.py,2,1,1
2015-09-01,engine.py,3,2,1
2015-09-01,__init__.py,4,4,0
2015-09-01,test_bucket.py,14,10,4
2015-09-01,test_deploy.py,5,3,2
2015-09-01,test_workflow.py,16,8,8
2015-05-01,engine.py,3,2,1
2015-05-01,__init__.py,4,4,0
2015-05-01,test_bucket.py,14,10,4
2015-05-01,test_deploy.py,5,3,2
2015-05-01,test_workflow.py,16,8,8
2015-08-01,engine.py,11,10,1
2015-06-01,scss.disabled.py,0,0,0
2015-06-01,sprites.disabled.py,2,2,0
2015-06-01,sprites.disabled.py,5,1,4
2015-06-01,server.py,10,8,2
2015-06-01,cli.py,4,4,0
2015-06-01,cli.py,4,4,0
2015-05-01,__init__.py,6,1,5
2015-05-01,__init__.py,8,2,6
2015-05-01,test_bucket_create.py,0,0,0
2015-05-01,test_bucket_name.py,0,0,0
2015-05-01,test_engine_api.py,0,0,0
2015-05-01,test_file.py,0,0,0
2015-05-01,__init__.py,136,133,3
2015-05-01,http.py,133,0,133
2015-05-01,__init__.py,7,4,3
2015-05-01,test_bucket.py,0,0,0
2015-05-01,test_deploy.py,0,0,0
2015-05-01,test_workflow.py,0,0,0
2015-05-01,test_config.py,7,2,5
2015-05-01,test_credentials.py,8,2,6
2015-05-01,test_deploy.py,11,3,8
2015-05-01,test_ui.py,9,3,6
2015-05-01,setup.py,13,2,11
2015-05-01,engine.py,2,1,1
2015-05-01,engine.py,2,1,1
2015-04-01,scss.disabled.py,0,0,0
2015-04-01,setup.py,2,1,1
2015-04-01,engine.py,2,1,1
2015-04-01,engine.py,39,22,17
2015-04-01,engine.py,2,1,1
2015-04-01,engine.py,39,22,17
2015-03-01,setup.py,3,1,2
2015-01-01,test_fingerprint.py,21,20,1
2015-01-01,file.py,5,4,1
2015-01-01,test_fingerprint.py,21,20,1
2015-01-01,file.py,5,4,1
2015-01-01,file.py,17,9,8
2015-01-01,file.py,17,9,8
2014-11-01,server.py,21,17,4
2014-11-01,file.py,8,6,2
2014-07-01,static_optimizers.py,2,1,1
2014-07-01,static_optimizers.py,2,1,1
2014-06-01,base.html,2,1,1
2014-06-01,base.html,2,1,1
2014-06-01,file.py,2,1,1
2014-06-01,file.py,2,1,1
2014-04-01,setup.py,2,1,1
2014-02-01,site.py,15,3,12
2014-02-01,template_tags.py,43,42,1
2014-02-01,test_template_tags.py,36,36,0
2014-02-01,mime.py,13,9,4
2014-02-01,logger.py,5,0,5
2014-02-01,page.py,5,3,2
2014-02-01,server.py,8,7,1
2014-02-01,site.py,9,8,1
2014-02-01,page.py,2,2,0
2014-02-01,template_tags.py,15,14,1
2014-02-01,test_template_tags.py,33,27,6
2014-02-01,mime.py,1,1,0
2014-02-01,logger.py,2,1,1
2014-02-01,server.py,1,0,1
2014-02-01,cli.py,30,1,29
2014-02-01,logger.py,36,24,12
2014-02-01,server.py,1,0,1
2014-02-01,server.py,1,0,1
2014-02-01,__init__.py,6,5,1
2014-02-01,archive.py,28,23,5
2014-02-01,package.py,9,6,3
2014-02-01,cli.py,30,29,1
2014-02-01,file.py,6,3,3
2014-02-01,engine.py,1,1,0
2014-02-01,file.py,3,1,2
2014-02-01,mime.py,19,11,8
2014-02-01,site.py,11,8,3
2014-02-01,about.html,10,10,0
2014-02-01,contact.html,10,10,0
2014-02-01,error.html,41,22,19
2014-02-01,index.html,38,36,2
2014-02-01,blog.disabled.py,0,0,0
2014-02-01,bootstrap-theme.css,384,384,0
2014-02-01,bootstrap.css,6805,6805,0
2014-02-01,main.css,22,22,0
2014-02-01,main.js,4,1,3
2014-02-01,bootstrap.js,1999,1999,0
2014-02-01,jquery-1.10.1.js,9807,9807,0
2014-02-01,modernizr-2.6.2.js,1393,1393,0
2014-02-01,base.html,90,69,21
2014-02-01,__init__.py,2,1,1
2014-02-01,error.html,23,23,0
2014-02-01,index.html,4,4,0
2014-02-01,__init__.py,0,0,0
2014-02-01,blog.disabled.py,87,87,0
2014-02-01,coffeescript.disabled.py,8,8,0
2014-02-01,haml.disabled.py,44,44,0
2014-02-01,page_context.py,17,17,0
2014-02-01,sass.disabled.py,8,8,0
2014-02-01,scss.disabled..py,37,37,0
2014-02-01,sprites.disabled.py,55,55,0
2014-02-01,static_optimizers.py,27,27,0
2014-02-01,version.py,60,60,0
2014-02-01,style.css,0,0,0
2014-02-01,main.js,3,3,0
2014-02-01,base.html,26,26,0
2014-02-01,__init__.py,1,1,0
2014-02-01,deploy.py,26,26,0
2014-02-01,test_bootstrap.py,20,17,3
2014-02-01,test_mime.py,16,16,0
2014-02-01,setup.py,17,15,2
2014-02-01,test_listener.py,21,15,6
2014-02-01,setup.py,4,3,1
2014-01-01,server.py,20,20,0
2014-01-01,__init__.py,6,3,3
2014-01-01,filesystem.py,4,4,0
2014-01-01,server.py,254,151,103
2014-01-01,site.py,30,13,17
2014-01-01,template_tags.py,3,1,2
2014-01-01,file.py,6,3,3
2014-01-01,file.py,12,10,2
2014-01-01,test_listener.py,168,0,168
2014-01-01,auth.py,27,24,3
2014-01-01,site.py,3,2,1
2014-01-01,site.py,4,0,4
2014-01-01,site.py,28,21,7
2014-01-01,test_template_tags.py,57,51,6
2013-12-01,domain.py,12,8,4
2013-12-01,site.py,3,2,1
2013-12-01,site.py,3,1,2
2013-12-01,template_tags.py,47,46,1
2013-12-01,test_template_tags.py,14,14,0
2013-12-01,setup.py,2,1,1
2013-12-01,mime.py,14,8,6
2013-12-01,mime.py,7,4,3
2013-12-01,test_mime.py,16,16,0
2013-12-01,package.disabled.py,12,8,4
2013-11-01,mac.py,27,15,12
2013-11-01,site.py,3,2,1
2013-11-01,package.disabled.py,2,1,1
2013-11-01,package.disabled.py,2,1,1
2013-11-01,package.disabled.py,8,6,2
2013-11-01,setup.py,4,2,2
2013-11-01,domain.py,5,3,2
2013-11-01,setup.py,2,1,1
2013-11-01,site.py,8,6,2
2013-11-01,domain.py,17,12,5
2013-11-01,engine.py,2,2,0
2013-11-01,run.py,11,11,0
2013-11-01,mac.py,2,2,0
2013-11-01,site.py,40,19,21
2013-11-01,__init__.py,28,17,11
2013-11-01,test_build.py,13,12,1
2013-11-01,mac.py,6,0,6
2013-11-01,test_listener.py,168,168,0
2013-11-01,__init__.py,10,10,0
2013-11-01,mac.py,139,139,0
2013-11-01,polling.py,86,0,86
2013-11-01,test_listener.py,168,168,0
2013-11-01,test_build.py,88,88,0
2013-11-01,site.py,62,26,36
2013-11-01,page.py,19,13,6
2013-11-01,test_bootstrap.py,11,8,3
2013-11-01,listener.py,4,3,1
2013-11-01,page.py,10,8,2
2013-11-01,browser.py,49,31,18
2013-11-01,site.py,133,88,45
2013-11-01,test_context.py,27,26,1
2013-10-01,site.py,3,2,1
2013-10-01,site.py,46,39,7
2013-10-01,parallel.py,1,1,0
2013-10-01,page.py,1,1,0
2013-10-01,logger.py,5,3,2
2013-10-01,ipc.py,5,5,0
2013-10-01,__init__.py,3,1,2
2013-10-01,server.py,9,7,2
2013-10-01,__init__.py,5,3,2
2013-10-01,cli.py,6,2,4
2013-10-01,engine.py,31,29,2
2013-10-01,file.py,17,12,5
2013-10-01,engine.py,7,4,3
2013-10-01,file.py,30,12,18
2013-10-01,logger.py,57,29,28
2013-10-01,site.py,18,16,2
2013-10-01,version.py,60,0,60
2013-10-01,ipc.py,5,5,0
2013-10-01,parallel.py,19,16,3
2013-10-01,sync.py,87,87,0
2013-10-01,__init__.py,1,1,0
2013-10-01,cli.py,13,1,12
2013-10-01,engine.py,15,14,1
2013-10-01,file.py,8,8,0
2013-10-01,engine.py,26,23,3
2013-10-01,file.py,28,21,7
2013-10-01,logger.py,49,49,0
2013-10-01,server.py,2,2,0
2013-10-01,site.py,15,5,10
2013-10-01,test_ui.py,22,12,10
2013-10-01,listener.py,19,8,11
2013-10-01,site.py,15,10,5
2013-10-01,__init__.py,1,0,1
2013-10-01,cli.py,22,19,3
2013-10-01,domain.py,232,232,0
2013-10-01,engine.py,31,31,0
2013-10-01,listener.py,89,88,1
2013-10-01,site.py,23,22,1
2013-10-01,__init__.py,20,17,3
2013-10-01,file.py,9,8,1
2013-10-01,package.disabled.py,42,29,13
2013-10-01,package.disabled.py,42,29,13
2013-10-01,cli.py,4,2,2
2013-10-01,file.py,6,3,3
2013-10-01,site.py,4,2,2
2013-10-01,archive.py,28,23,5
2013-10-01,about.html,10,10,0
2013-10-01,contact.html,10,10,0
2013-10-01,error.html,41,22,19
2013-10-01,index.html,38,36,2
2013-10-01,blog.disabled.py,0,0,0
2013-10-01,bootstrap-theme.css,384,384,0
2013-10-01,bootstrap.css,6805,6805,0
2013-10-01,main.css,22,22,0
2013-10-01,main.js,4,1,3
2013-10-01,bootstrap.js,1999,1999,0
2013-10-01,jquery-1.10.1.js,9807,9807,0
2013-10-01,modernizr-2.6.2.js,1393,1393,0
2013-10-01,base.html,90,69,21
2013-10-01,__init__.py,2,1,1
2013-10-01,error.html,23,23,0
2013-10-01,index.html,4,4,0
2013-10-01,__init__.py,0,0,0
2013-10-01,blog.disabled.py,87,87,0
2013-10-01,coffeescript.disabled.py,8,8,0
2013-10-01,haml.disabled.py,44,44,0
2013-10-01,page_context.py,17,17,0
2013-10-01,sass.disabled.py,8,8,0
2013-10-01,scss.disabled..py,37,37,0
2013-10-01,sprites.disabled.py,55,55,0
2013-10-01,static_optimizers.py,27,27,0
2013-10-01,version.py,60,60,0
2013-10-01,style.css,0,0,0
2013-10-01,main.js,3,3,0
2013-10-01,base.html,26,26,0
2013-10-01,test_bootstrap.py,20,17,3
2013-10-01,blog.disabled.py,0,0,0
2013-10-01,blog.disabled.py,0,0,0
2013-10-01,archive.py,28,23,5
2013-10-01,__init__.py,2,1,1
2013-10-01,error.html,23,23,0
2013-10-01,index.html,4,4,0
2013-10-01,__init__.py,0,0,0
2013-10-01,blog.disabled.py,87,87,0
2013-10-01,coffeescript.disabled.py,8,8,0
2013-10-01,haml.disabled.py,44,44,0
2013-10-01,page_context.py,17,17,0
2013-10-01,sass.disabled.py,8,8,0
2013-10-01,scss.disabled..py,37,37,0
2013-10-01,sprites.disabled.py,55,55,0
2013-10-01,static_optimizers.py,27,27,0
2013-10-01,version.py,60,60,0
2013-10-01,style.css,3,3,0
2013-10-01,main.js,3,3,0
2013-10-01,base.html,26,26,0
2013-10-01,test_bootstrap.py,20,17,3
2013-10-01,about.html,10,10,0
2013-10-01,contact.html,10,10,0
2013-10-01,error.html,41,22,19
2013-10-01,index.html,38,36,2
2013-10-01,bootstrap-theme.css,384,384,0
2013-10-01,bootstrap.css,6805,6805,0
2013-10-01,main.css,22,22,0
2013-10-01,style.css,3,0,3
2013-10-01,main.js,4,1,3
2013-10-01,bootstrap.js,1999,1999,0
2013-10-01,jquery-1.10.1.js,9807,9807,0
2013-10-01,modernizr-2.6.2.js,1393,1393,0
2013-10-01,base.html,90,69,21
2013-10-01,cli.py,22,19,3
2013-10-01,setup.py,1,1,0
2013-10-01,__init__.py,6,5,1
2013-10-01,package.py,9,6,3
2013-10-01,engine.py,1,1,0
2013-10-01,file.py,3,1,2
2013-10-01,site.py,1,1,0
2013-10-01,__init__.py,1,1,0
2013-10-01,deploy.py,26,26,0
2013-10-01,file.py,2,1,1
2013-10-01,skeleton.py,408,204,204
2013-10-01,file.py,2,1,1
2013-10-01,skeleton.py,408,204,204
2013-10-01,site.py,14,7,7
2013-10-01,skeleton.py,355,208,147
2013-10-01,package.disabled.py,258,258,0
2013-10-01,skeleton.py,407,208,199
2013-10-01,package.disabled.py,117,72,45
2013-10-01,site.py,14,7,7
2013-10-01,skeleton.py,551,199,352
2013-10-01,package.disabled.py,17,15,2
2013-10-01,skeleton.py,499,352,147
2013-10-01,package.disabled.py,218,218,0
2013-09-01,loader.py,17,10,7
2013-09-01,server.py,38,27,11
2013-09-01,coffeescript.disabled.py,28,24,4
2013-09-01,site.py,1,1,0
2013-09-01,file.py,3,0,3
2013-09-01,file.py,10,7,3
2013-09-01,page.py,2,1,1
2013-09-01,__init__.py,4,2,2
2013-09-01,__init__.py,14,10,4
2013-09-01,site.py,5,3,2
2013-09-01,site.py,5,5,0
2013-09-01,site.py,4,2,2
2013-08-01,setup.py,2,1,1
2013-08-01,setup.py,2,1,1
2013-07-01,setup.py,16,14,2
2013-07-01,file.py,4,2,2
2013-07-01,file.py,9,9,0
2013-07-01,file.py,4,2,2
2013-07-01,file.py,6,3,3
2013-07-01,test_bootstrap.py,2,1,1
2013-07-01,page.py,11,7,4
2013-07-01,test_legacy_context.py,17,17,0
2013-07-01,test_template_tags.py,2,1,1
2013-07-01,listener.py,61,32,29
2013-07-01,site.py,10,10,0
2013-07-01,cli.py,2,1,1
2013-07-01,__init__.py,14,1,13
2013-07-01,cli.py,19,17,2
2013-07-01,__init__.py,2,1,1
2013-07-01,page.py,8,5,3
2013-07-01,fallback.py,5,4,1
2013-07-01,file.py,11,7,4
2013-07-01,router.py,14,9,5
2013-07-01,__init__.py,3,3,0
2013-07-01,engine.py,10,7,3
2013-07-01,file.py,5,4,1
2013-07-01,engine.py,7,5,2
2013-07-01,file.py,5,4,1
2013-07-01,page.py,5,4,1
2013-07-01,loader.py,6,4,2
2013-07-01,site.py,38,20,18
2013-07-01,__init__.py,7,5,2
2013-07-01,__init__.py,9,6,3
2013-07-01,network.py,7,6,1
2013-07-01,file.py,6,5,1
2013-07-01,__init__.py,47,0,47
2013-07-01,__init__.py,35,35,0
2013-07-01,auth.py,36,36,0
2013-07-01,__init__.py,0,0,0
2013-07-01,auth.py,8,8,0
2013-07-01,engine.py,40,40,0
2013-07-01,file.py,24,24,0
2013-07-01,engine.py,106,106,0
2013-07-01,file.py,98,32,66
2013-07-01,__init__.py,6,6,0
2013-07-01,auth.py,47,47,0
2013-07-01,engine.py,76,76,0
2013-07-01,file.py,68,68,0
2013-07-01,__init__.py,2,2,0
2013-07-01,auth.py,9,9,0
2013-07-01,engine.py,75,75,0
2013-07-01,file.py,56,56,0
2013-07-01,cache.py,2,1,1
2013-07-01,manager.py,3,2,1
2013-07-01,site.py,180,37,143
2013-07-01,manager.py,3,2,1
2013-07-01,__init__.py,147,147,0
2013-07-01,bucket_create.py,35,35,0
2013-07-01,bucket_name.py,34,34,0
2013-07-01,engine_api.py,31,31,0
2013-07-01,file.py,53,53,0
2013-07-01,__init__.py,38,25,13
2013-07-01,credentials.py,15,0,15
2013-07-01,__init__.py,32,30,2
2013-07-01,bucket.py,18,7,11
2013-07-01,deploy.py,11,6,5
2013-07-01,workflow.py,11,5,6
2013-07-01,test_config.py,12,12,0
2013-07-01,test_credentials.py,61,39,22
2013-07-01,test_deploy.py,73,34,39
2013-07-01,test_plugins.py,2,1,1
2013-07-01,ui.py,4,2,2
2013-07-01,helpers.py,18,17,1
2013-07-01,parallel.py,2,1,1
2013-07-01,password.py,34,0,34
2013-07-01,setup.py,71,60,11
2013-07-01,__init__.py,35,35,0
2013-07-01,site.py,18,5,13
2013-07-01,setup.py,9,5,4
2013-07-01,__init__.py,25,25,0
2013-07-01,bucket_create.py,6,6,0
2013-07-01,file.py,53,53,0
2013-07-01,test_deploy.py,1,1,0
2013-07-01,file.py,2,1,1
2013-07-01,auth.py,3,1,2
2013-07-01,password.py,34,0,34
2013-07-01,test_credentials.py,53,32,21
2013-07-01,bucket.py,11,5,6
2013-07-01,engine.py,7,2,5
2013-07-01,__init__.py,122,122,0
2013-07-01,bucket_create.py,29,29,0
2013-07-01,bucket_name.py,34,34,0
2013-07-01,engine_api.py,31,31,0
2013-07-01,site.py,2,1,1
2013-07-01,setup.py,1,1,0
2013-07-01,__init__.py,5,1,4
2013-07-01,bucket.py,2,1,1
2013-07-01,auth.py,6,3,3
2013-07-01,auth.py,2,1,1
2013-07-01,engine.py,56,11,45
2013-07-01,engine.py,66,65,1
2013-07-01,auth.py,22,15,7
2013-07-01,engine.py,102,39,63
2013-07-01,file.py,13,10,3
2013-07-01,auth.py,50,6,44
2013-07-01,engine.py,111,33,78
2013-07-01,site.py,2,1,1
2013-07-01,ui.py,4,2,2
2013-07-01,auth.py,36,36,0
2013-07-01,__init__.py,0,0,0
2013-07-01,auth.py,8,8,0
2013-07-01,engine.py,74,74,0
2013-07-01,file.py,24,24,0
2013-07-01,file.py,1,1,0
2013-07-01,engine.py,3,1,2
2013-07-01,site.py,3,3,0
2013-07-01,helpers.py,18,17,1
2013-07-01,setup.py,1,1,0
2013-07-01,auth.py,5,2,3
2013-07-01,engine.py,29,24,5
2013-07-01,file.py,7,5,2
2013-07-01,parallel.py,2,1,1
2013-07-01,site.py,18,10,8
2013-07-01,engine.py,5,5,0
2013-07-01,engine.py,8,1,7
2013-07-01,auth.py,12,6,6
2013-07-01,engine.py,6,4,2
2013-07-01,site.py,19,6,13
2013-07-01,__init__.py,9,1,8
2013-07-01,__init__.py,31,16,15
2013-07-01,workflow.py,4,2,2
2013-07-01,test_credentials.py,8,7,1
2013-07-01,test_deploy.py,7,5,2
2013-07-01,engine.py,2,1,1
2013-07-01,file.py,25,5,20
2013-07-01,__init__.py,6,6,0
2013-07-01,auth.py,40,40,0
2013-07-01,engine.py,88,88,0
2013-07-01,file.py,58,58,0
2013-07-01,auth.py,3,2,1
2013-07-01,file.py,21,16,5
2013-07-01,cache.py,2,1,1
2013-07-01,site.py,23,16,7
2013-07-01,deploy.py,4,4,0
2013-07-01,test_credentials.py,2,1,1
2013-07-01,test_deploy.py,19,6,13
2013-07-01,setup.py,6,4,2
2013-07-01,__init__.py,28,14,14
2013-07-01,credentials.py,15,0,15
2013-07-01,__init__.py,32,31,1
2013-07-01,bucket.py,7,2,5
2013-07-01,deploy.py,7,2,5
2013-07-01,workflow.py,7,3,4
2013-07-01,__init__.py,19,0,19
2013-07-01,engine.py,40,40,0
2013-07-01,file.py,28,14,14
2013-07-01,engine.py,18,4,14
2013-07-01,file.py,6,1,5
2013-07-01,test_deploy.py,2,1,1
2013-07-01,file.py,5,2,3
2013-07-01,file.py,2,1,1
2013-07-01,__init__.py,8,5,3
2013-07-01,file.py,67,24,43
2013-07-01,__init__.py,2,2,0
2013-07-01,engine.py,16,10,6
2013-07-01,file.py,49,49,0
2013-07-01,site.py,3,1,2
2013-07-01,__init__.py,2,1,1
2013-07-01,test_deploy.py,48,23,25
2013-07-01,__init__.py,17,17,0
2013-07-01,s3.py,17,6,11
2013-07-01,site.py,7,0,7
2013-07-01,__init__.py,2,2,0
2013-07-01,setup.py,63,53,10
2013-07-01,__init__.py,9,7,2
2013-07-01,site.py,20,9,11
2013-07-01,__init__.py,35,26,9
2013-07-01,test_config.py,12,12,0
2013-07-01,manager.py,3,2,1
2013-07-01,site.py,38,20,18
2013-07-01,manager.py,3,2,1
2013-07-01,__init__.py,2,1,1
2013-07-01,test_deploy.py,2,1,1
2013-07-01,test_plugins.py,2,1,1
2013-07-01,__init__.py,0,0,0
2013-07-01,__init__.py,124,124,0
2013-07-01,site.py,115,9,106
2013-07-01,bucket.py,12,6,6
2013-07-01,setup.py,3,2,1
2013-07-01,mime.py,1,1,0
2013-07-01,sass.py,20,17,3
2013-07-01,paths.py,15,0,15
2013-07-01,fallback.py,3,2,1
2013-07-01,mime.py,1,1,0
2013-07-01,mime.py,1,1,0
2013-07-01,google_closure_compiler.disabled.py,15,15,0
2013-07-01,blog.disabled.py,2,1,1
2013-07-01,less.disabled.py,12,12,0
2013-07-01,test_basic.py,13,8,5
2013-07-01,paths.py,4,4,0
2013-07-01,test_compat.py,4,4,0
2013-07-01,fallback.py,27,27,0
2013-07-01,router.py,7,4,3
2013-07-01,site.py,44,28,16
2013-07-01,test_ui.py,15,14,1
2013-07-01,page_context.py,17,17,0
2013-07-01,static_optimizers.py,27,27,0
2013-07-01,__init__.py,22,15,7
2013-07-01,exceptions.py,7,7,0
2013-07-01,site.py,160,95,65
2013-07-01,__init__.py,4,0,4
2013-07-01,bucket.py,55,55,0
2013-07-01,deploy.py,90,23,67
2013-07-01,http.py,33,28,5
2013-07-01,s3.py,36,36,0
2013-07-01,workflow.py,75,75,0
2013-07-01,test_config.py,5,4,1
2013-07-01,test_credentials.py,75,75,0
2013-07-01,test_ui.py,40,40,0
2013-07-01,ui.py,97,97,0
2013-07-01,password.py,4,2,2
2013-07-01,__init__.py,22,15,7
2013-07-01,site.py,6,3,3
2013-07-01,workflow.py,3,3,0
2013-07-01,test_config.py,5,4,1
2013-07-01,test_credentials.py,75,75,0
2013-07-01,password.py,4,2,2
2013-07-01,workflow.py,16,16,0
2013-07-01,test_ui.py,4,3,1
2013-07-01,site.py,6,3,3
2013-07-01,bucket.py,3,3,0
2013-07-01,workflow.py,56,56,0
2013-07-01,site.py,23,11,12
2013-07-01,test_ui.py,38,38,0
2013-07-01,ui.py,97,97,0
2013-07-01,exceptions.py,7,7,0
2013-07-01,site.py,149,90,59
2013-07-01,__init__.py,4,0,4
2013-07-01,bucket.py,52,52,0
2013-07-01,deploy.py,90,23,67
2013-07-01,http.py,33,28,5
2013-07-01,s3.py,36,36,0
2013-07-01,site.py,24,16,8
2013-07-01,__init__.py,3,3,0
2013-07-01,helpers.py,6,0,6
2013-07-01,network.py,2,1,1
2013-07-01,parallel.py,11,11,0
2013-07-01,test_basic.py,6,3,3
2013-07-01,test_context.py,4,2,2
2013-07-01,__init__.py,39,39,0
2013-07-01,site.py,27,11,16
2013-07-01,__init__.py,6,4,2
2013-07-01,credentials.py,15,15,0
2013-07-01,deploy.py,3,3,0
2013-07-01,setup.py,3,1,2
2013-07-01,file.py,2,1,1
2013-07-01,manager.py,2,1,1
2013-07-01,site.py,18,14,4
2013-07-01,__init__.py,15,9,6
2013-07-01,__init__.py,33,33,0
2013-07-01,deploy.py,96,96,0
2013-07-01,http.py,110,110,0
2013-07-01,test_basic.py,16,8,8
2013-07-01,test_bootstrap.py,4,2,2
2013-07-01,test_compat.py,4,2,2
2013-07-01,test_context.py,4,2,2
2013-07-01,test_deploy.py,7,5,2
2013-07-01,test_external.py,4,2,2
2013-07-01,test_fingerprint.py,8,4,4
2013-07-01,test_ignore.py,4,2,2
2013-07-01,test_legacy_context.py,4,2,2
2013-07-01,test_plugins.py,4,2,2
2013-07-01,test_template_tags.py,6,3,3
2013-07-01,test_urls.py,4,2,2
2013-07-01,setup.py,17,9,8
2013-07-01,file.py,2,1,1
2013-07-01,manager.py,2,1,1
2013-07-01,site.py,2,1,1
2013-07-01,__init__.py,7,5,2
2013-07-01,test_basic.py,12,6,6
2013-07-01,test_deploy.py,7,5,2
2013-07-01,setup.py,2,1,1
2013-07-01,setup.py,17,9,8
2013-07-01,site.py,16,13,3
2013-07-01,__init__.py,8,4,4
2013-07-01,__init__.py,33,33,0
2013-07-01,deploy.py,96,96,0
2013-07-01,http.py,110,110,0
2013-07-01,test_basic.py,4,2,2
2013-07-01,test_bootstrap.py,4,2,2
2013-07-01,test_compat.py,4,2,2
2013-07-01,test_context.py,4,2,2
2013-07-01,test_external.py,4,2,2
2013-07-01,test_fingerprint.py,8,4,4
2013-07-01,test_ignore.py,4,2,2
2013-07-01,test_legacy_context.py,4,2,2
2013-07-01,test_plugins.py,4,2,2
2013-07-01,test_template_tags.py,6,3,3
2013-07-01,test_urls.py,4,2,2
2013-07-01,file.py,7,6,1
2013-07-01,router.py,2,1,1
2013-07-01,test_config.py,18,17,1
2013-07-01,cache.py,2,1,1
2013-07-01,test_template_tags.py,86,86,0
2013-07-01,template_tags.py,15,13,2
2013-07-01,page.py,32,32,0
2013-07-01,page.py,14,3,11
2013-07-01,site.py,8,7,1
2013-07-01,test_legacy_context.py,43,43,0
2013-07-01,test_template_tags.py,2,2,0
2013-07-01,__init__.py,2,2,0
2013-07-01,paths.py,4,3,1
2013-07-01,page.py,3,1,2
2013-07-01,site.py,2,1,1
2013-07-01,__init__.py,2,1,1
2013-07-01,setup.py,2,1,1
2013-05-01,browser.py,89,67,22
2013-07-01,page.py,23,13,10
2013-07-01,ignore.py,32,32,0
2013-07-01,site.py,3,2,1
2013-07-01,__init__.py,3,2,1
2013-07-01,test_ignore.py,31,31,0
2013-07-01,__init__.py,20,20,0
2013-07-01,archive.py,38,38,0
2013-07-01,package.py,25,25,0
2013-07-01,cli.py,21,14,7
2013-07-01,__init__.py,2,1,1
2013-07-01,test_bootstrap.py,96,95,1
2013-07-01,packaging.py,28,1,27
2013-07-01,setup.py,3,2,1
2013-07-01,cache.py,4,4,0
2013-07-01,file.py,10,2,8
2013-07-01,cache.py,15,15,0
2013-07-01,context.py,2,1,1
2013-07-01,site.py,4,2,2
2013-07-01,test_deploy.py,13,11,2
2013-07-01,file.py,10,6,4
2013-07-01,test_deploy.py,87,74,13
2013-07-01,router.py,4,4,0
2013-07-01,loader.py,105,66,39
2013-07-01,manager.py,11,7,4
2013-07-01,site.py,8,6,2
2013-07-01,test_plugins.py,18,7,11
2013-07-01,test_deploy.py,43,43,0
2013-07-01,setup.py,2,1,1
2013-07-01,__init__.py,2,0,2
2013-07-01,manager.py,36,23,13
2013-07-01,test.py,2,1,1
2013-07-01,internal.py,62,62,0
2013-07-01,cli.py,18,8,10
2013-07-01,site.py,2,1,1
2013-07-01,__init__.py,2,2,0
2013-07-01,context.py,25,25,0
2013-07-01,defaults.py,6,5,1
2013-07-01,loader.py,38,31,7
2013-07-01,site.py,8,1,7
2013-07-01,__init__.py,10,2,8
2013-07-01,test_config.py,12,6,6
2013-07-01,test_context.py,16,2,14
2013-07-01,test_plugins.py,26,19,7
2013-07-01,variables.py,16,0,16
2013-07-01,setup.py,7,4,3
2013-07-01,__init__.py,3,0,3
2013-07-01,test_context.py,40,40,0
2013-07-01,test_variables.py,36,0,36
2013-06-01,site.py,13,3,10
2013-06-01,__init__.py,9,4,5
2013-06-01,cli.py,2,1,1
2013-06-01,__init__.py,0,0,0
2013-06-01,__init__.py,0,0,0
2013-06-01,closure.py,16,16,0
2013-06-01,sass.py,6,2,4
2013-06-01,yui.py,13,0,13
2013-06-01,site.py,12,8,4
2013-06-01,setup.py,1,1,0
2013-06-01,defaults.py,56,56,0
2013-06-01,test_external.py,9,9,0
2013-06-01,site.py,12,9,3
2013-06-01,__init__.py,10,6,4
2013-06-01,test_external.py,10,8,2
2013-06-01,__init__.py,16,14,2
2013-06-01,manager.py,19,18,1
2013-06-01,defaults.py,1,0,1
2013-06-01,manager.py,7,2,5
2013-06-01,file.py,2,1,1
2013-06-01,file.py,2,1,1
2013-06-01,page.py,5,3,2
2013-06-01,__init__.py,5,3,2
2013-06-01,paths.py,15,15,0
2013-06-01,processors.py,7,4,3
2013-06-01,test_basic.py,87,35,52
2013-06-01,test_bootstrap.py,4,2,2
2013-06-01,test_external.py,2,1,1
2013-06-01,test_urls.py,12,4,8
2013-06-01,file.py,2,1,1
2013-06-01,packaging.py,2,1,1
2013-06-01,url.py,39,38,1
2013-06-01,file.py,2,1,1
2013-06-01,file.py,2,1,1
2013-06-01,page.py,2,1,1
2013-06-01,test_basic.py,87,35,52
2013-06-01,test_bootstrap.py,4,2,2
2013-06-01,test_external.py,2,1,1
2013-06-01,test_urls.py,12,4,8
2013-06-01,file.py,2,1,1
2013-06-01,packaging.py,2,1,1
2013-06-01,page.py,3,2,1
2013-06-01,__init__.py,5,3,2
2013-06-01,url.py,39,38,1
2013-06-01,paths.py,15,15,0
2013-06-01,processors.py,7,4,3
2013-06-01,file.py,2,1,1
2013-06-01,site.py,24,15,9
2013-06-01,site.py,11,11,0
2013-06-01,defaults.py,10,10,0
2013-06-01,__init__.py,27,22,5
2013-06-01,manager.py,14,11,3
2013-06-01,cli.py,10,8,2
2013-06-01,__init__.py,0,0,0
2013-06-01,file.py,12,10,2
2013-06-01,router.py,79,79,0
2013-06-01,site.py,17,11,6
2013-06-01,__init__.py,24,21,3
2013-06-01,test_basic.py,6,0,6
2013-06-01,test_compat.py,6,1,5
2013-06-01,test_config.py,97,97,0
2013-06-01,test_external.py,9,3,6
2013-06-01,test_fingerprint.py,41,25,16
2013-06-01,test_plugins.py,1,0,1
2013-06-01,test_urls.py,9,3,6
2013-06-01,test_variables.py,14,4,10
2013-06-01,setup.py,5,4,1
2013-06-01,router.py,32,27,5
2013-06-01,site.py,2,1,1
2013-06-01,test_config.py,21,16,5
2013-06-01,cli.py,10,8,2
2013-06-01,__init__.py,0,0,0
2013-06-01,file.py,12,10,2
2013-06-01,router.py,57,57,0
2013-06-01,site.py,15,10,5
2013-06-01,__init__.py,24,21,3
2013-06-01,test_basic.py,6,0,6
2013-06-01,test_compat.py,6,1,5
2013-06-01,test_config.py,86,86,0
2013-06-01,test_external.py,9,3,6
2013-06-01,test_fingerprint.py,41,25,16
2013-06-01,test_plugins.py,1,0,1
2013-06-01,test_urls.py,9,3,6
2013-06-01,test_variables.py,14,4,10
2013-06-01,setup.py,5,4,1
2013-06-01,site.py,7,3,4
2013-06-01,test_basic.py,14,1,13
2013-06-01,test_variables.py,42,42,0
2013-06-01,cli.py,18,14,4
2013-06-01,__init__.py,0,0,0
2013-06-01,commands.py,57,57,0
2013-06-01,site.py,56,41,15
2013-06-01,__init__.py,2,2,0
2013-06-01,test_plugins.py,4,0,4
2013-06-01,filesystem.py,16,15,1
2013-06-01,setup.py,4,2,2
2013-06-01,cli.py,18,14,4
2013-06-01,__init__.py,0,0,0
2013-06-01,commands.py,57,57,0
2013-06-01,site.py,56,41,15
2013-06-01,__init__.py,2,2,0
2013-06-01,test_plugins.py,4,0,4
2013-06-01,filesystem.py,16,15,1
2013-06-01,setup.py,4,2,2
2013-06-01,__init__.py,1,0,1
2013-06-01,site.py,13,11,2
2013-06-01,__init__.py,7,3,4
2013-06-01,__init__.py,21,10,11
2013-06-01,exceptions.py,0,0,0
2013-06-01,manager.py,31,31,0
2013-06-01,optimizers.py,13,5,8
2013-06-01,processors.py,11,4,7
2013-06-01,test_external.py,43,11,32
2013-06-01,setup.py,2,1,1
2013-06-01,__init__.py,69,43,26
2013-06-01,exceptions.py,19,19,0
2013-06-01,external.py,52,37,15
2013-06-01,__init__.py,12,12,0
2013-06-01,test_external.py,33,29,4
2013-06-01,file.py,4,3,1
2013-06-01,listener.py,2,1,1
2013-06-01,network.py,9,5,4
2013-06-01,file.py,36,23,13
2013-06-01,site.py,3,1,2
2013-06-01,__init__.py,10,1,9
2013-06-01,file.py,12,11,1
2013-06-01,helpers.py,13,12,1
2013-06-01,file.py,32,16,16
2013-06-01,file.py,45,35,10
2013-05-01,file.py,11,9,2
2013-05-01,file.py,17,11,6
2013-05-01,site.py,1,1,0
2013-05-01,config.py,6,5,1
2013-05-01,__init__.py,75,20,55
2013-05-01,external.py,48,48,0
2013-05-01,optimizers.py,45,45,0
2013-05-01,processors.py,25,25,0
2013-05-01,test_external.py,144,144,0
2013-05-01,filesystem.py,15,14,1
2013-05-01,setup.py,2,1,1
2013-05-01,site.py,25,17,8
2013-05-01,cli.py,15,7,8
2013-05-01,site.py,4,2,2
2013-05-01,static.py,2,1,1
2013-05-01,config.py,2,2,0
2013-05-01,file.py,4,1,3
2013-05-01,page.py,9,2,7
2013-05-01,__init__.py,0,0,0
2013-05-01,defaults.py,43,43,0
2013-05-01,loader.py,62,62,0
2013-05-01,manager.py,42,42,0
2013-05-01,site.py,70,10,60
2013-05-01,empty.py,0,0,0
2013-05-01,test.py,22,22,0
2013-05-01,test_plugins.py,71,71,0
2013-05-01,setup.py,2,1,1
2013-05-01,test.py,11,7,4
2013-05-01,test_plugins.py,36,32,4
2013-05-01,file.py,4,1,3
2013-05-01,page.py,8,2,6
2013-05-01,defaults.py,5,2,3
2013-05-01,loader.py,18,9,9
2013-05-01,manager.py,42,42,0
2013-05-01,site.py,31,11,20
2013-05-01,test_plugins.py,13,8,5
2013-05-01,page.py,5,2,3
2013-05-01,__init__.py,0,0,0
2013-05-01,defaults.py,44,44,0
2013-05-01,loader.py,62,62,0
2013-05-01,site.py,57,8,49
2013-05-01,empty.py,0,0,0
2013-05-01,test.py,4,3,1
2013-05-01,test_plugins.py,27,18,9
2013-05-01,setup.py,2,1,1
2013-05-01,plugin.py,17,17,0
2013-05-01,test_plugins.py,31,31,0
2013-05-01,setup.py,3,1,2
2013-05-01,page.py,20,13,7
2013-05-01,site.py,9,5,4
2013-05-01,static.py,20,15,5
2013-05-01,__init__.py,14,13,1
2013-05-01,test_basic.py,20,3,17
2013-05-01,test_bootstrap.py,12,12,0
2013-05-01,test_compat.py,41,41,0
2013-05-01,test_fingerprint.py,14,5,9
2013-05-01,test_urls.py,14,5,9
2013-05-01,compat.py,44,44,0
2013-05-01,site.py,3,1,2
2013-05-01,file.py,15,4,11
2013-05-01,page.py,21,7,14
2013-05-01,site.py,60,29,31
2013-05-01,static.py,11,4,7
2013-05-01,test_basic.py,2,1,1
2013-05-01,test_fingerprint.py,11,5,6
2013-05-01,test_urls.py,13,6,7
2013-05-01,cli.py,2,1,1
2013-05-01,file.py,6,4,2
2013-05-01,listener.py,5,2,3
2013-05-01,site.py,8,6,2
2013-05-01,haml.disabled.py,2,1,1
2013-05-01,scss.disabled..py,2,1,1
2013-05-01,__init__.py,2,1,1
2013-05-01,test_basic.py,2,1,1
2013-05-01,utils.py,262,0,262
2013-05-01,__init__.py,0,0,0
2013-05-01,file.py,30,30,0
2013-05-01,filesystem.py,32,32,0
2013-05-01,helpers.py,62,62,0
2013-05-01,network.py,42,42,0
2013-05-01,packaging.py,52,52,0
2013-05-01,password.py,34,34,0
2013-05-01,url.py,25,25,0
2013-05-01,skeleton.py,97,0,97
2013-05-01,error.html,0,0,0
2013-05-01,index.html,0,0,0
2013-05-01,__init__.py,0,0,0
2013-05-01,blog.disabled.py,0,0,0
2013-05-01,coffeescript.disabled.py,0,0,0
2013-05-01,haml.disabled.py,0,0,0
2013-05-01,sass.disabled.py,0,0,0
2013-05-01,scss.disabled..py,0,0,0
2013-05-01,sprites.disabled.py,0,0,0
2013-05-01,version.py,0,0,0
2013-05-01,style.css,0,0,0
2013-05-01,main.js,0,0,0
2013-05-01,base.html,0,0,0
2013-05-01,test_basic.py,2,1,1
2013-05-01,utils.py,49,38,11
2013-05-01,setup.py,37,21,16
2013-05-01,site.py,2,1,1
2013-05-01,test_fingerprint.py,20,19,1
2013-05-01,page.py,55,42,13
2013-05-01,skeleton.py,190,95,95
2013-05-01,koenpage-out.html,6,3,3
2013-05-01,test-out.html,6,3,3
2013-05-01,test_basic.py,45,35,10
2013-05-01,test_context.py,2,1,1
2013-05-01,test_parser.py,18,0,18
2013-05-01,test_urls.py,7,5,2
2013-05-01,utils.py,33,0,33
2013-05-01,base.html,6,3,3
2013-05-01,page.py,23,15,8
2013-05-01,site.py,20,10,10
2013-05-01,static.py,6,3,3
2013-05-01,template_tags.py,18,9,9
2013-05-01,test_basic.py,6,3,3
2013-05-01,test_fingerprint.py,10,5,5
2013-05-01,test_urls.py,8,4,4
2013-05-01,page.py,1,1,0
2013-05-01,template_tags.py,21,16,5
2013-05-01,test_basic.py,20,20,0
2013-05-01,page.py,8,7,1
2013-05-01,test_urls.py,16,14,2
2013-05-01,site.py,1,1,0
2013-05-01,static.py,22,12,10
2013-05-01,test_fingerprint.py,44,44,0
2013-05-01,config.py,4,2,2
2013-05-01,page.py,37,31,6
2013-05-01,site.py,24,15,9
2013-05-01,template_tags.py,17,16,1
2013-05-01,__init__.py,32,32,0
2013-05-01,koenpage-in.html,0,0,0
2013-05-01,koenpage-out.html,0,0,0
2013-05-01,test-in.html,0,0,0
2013-05-01,test-out.html,0,0,0
2013-05-01,test_basic.py,34,8,26
2013-05-01,test_context.py,0,0,0
2013-05-01,test_parser.py,0,0,0
2013-05-01,test_urls.py,43,43,0
2013-05-01,site.py,26,18,8
2013-05-01,page.py,1,1,0
2013-05-01,browser.py,39,31,8
2013-05-01,site.py,18,9,9
2013-04-01,file.py,5,3,2
2013-04-01,utils.py,9,9,0
2013-04-01,test_basic.py,6,3,3
2013-04-01,site.py,18,16,2
2013-04-01,skeleton.py,236,95,141
2013-04-01,test_basic.py,28,20,8
2013-04-01,file.py,33,25,8
2013-04-01,utils.py,22,20,2
2013-04-01,setup.py,2,1,1
2013-04-01,site.py,1,0,1
2013-04-01,__init__.py,12,3,9
2013-04-01,__init__.py,18,9,9
2013-04-01,browser.py,92,50,42
2013-04-01,cli.py,88,46,42
2013-04-01,config.py,38,19,19
2013-04-01,file.py,216,105,111
2013-04-01,listener.py,149,74,75
2013-04-01,mime.py,34,17,17
2013-04-01,page.py,153,76,77
2013-04-01,server.py,174,87,87
2013-04-01,site.py,733,366,367
2013-04-01,static.py,253,126,127
2013-04-01,template_tags.py,2,2,0
2013-04-01,utils.py,326,168,158
2013-04-01,variables.py,3,2,1
2013-04-01,setup.py,116,59,57
2013-04-01,test_basic.py,219,106,113
2013-04-01,test_context.py,1,0,1
2013-04-01,test_parser.py,31,11,20
2013-04-01,site.py,9,7,2
2013-04-01,template_tags.py,13,13,0
2013-04-01,test_basic.py,22,21,1
2013-04-01,site.py,10,7,3
2013-04-01,static.py,139,97,42
2013-04-01,site.py,10,7,3
2013-04-01,static.py,139,97,42
2013-04-01,test_basic.py,71,40,31
2013-04-01,test_context.py,14,14,0
2013-04-01,cli.py,13,7,6
2013-04-01,page.py,3,2,1
2013-04-01,site.py,37,21,16
2013-04-01,variables.py,15,15,0
2013-04-01,browser.py,34,32,2
2013-04-01,setup.py,2,1,1
2013-04-01,page.py,50,25,25
2013-04-01,site.py,1,1,0
2013-04-01,blog.disabled.py,2,1,1
2013-04-01,site.py,28,24,4
2013-04-01,skeleton.py,294,147,147
2013-04-01,utils.py,15,15,0
2013-04-01,test_basic.py,13,13,0
2013-04-01,cli.py,5,4,1
2013-04-01,setup.py,2,1,1
2013-04-01,cli.py,107,42,65
2013-04-01,site.py,45,11,34
2013-04-01,utils.py,67,45,22
2013-04-01,setup.py,3,2,1
2013-04-01,static.py,8,7,1
2013-04-01,site.py,15,15,0
2013-04-01,utils.py,9,9,0
2013-04-01,static.py,73,67,6
2013-04-01,site.py,2,2,0
2013-04-01,cli.py,10,5,5
2013-04-01,cli.py,3,0,3
2013-04-01,site.py,1,1,0
2013-04-01,static.py,5,3,2
2013-04-01,site.py,30,22,8
2013-04-01,cli.py,9,5,4
2013-04-01,site.py,16,9,7
2013-04-01,static.py,22,22,0
2013-04-01,cli.py,56,21,35
2013-03-01,test_basic.py,13,8,5
2013-03-01,cli.py,6,3,3
2013-03-01,site.py,4,2,2
2013-03-01,skeleton.py,288,147,141
2013-03-01,cli.py,42,28,14
2013-03-01,site.py,52,37,15
2013-03-01,site.py,9,4,5
2013-03-01,site.py,24,15,9
2013-03-01,cli.py,8,4,4
2013-03-01,site.py,26,16,10
2013-03-01,cli.py,42,28,14
2013-03-01,site.py,35,23,12
2013-02-01,site.py,3,2,1
2013-02-01,site.py,3,2,1
2013-02-01,setup.py,2,1,1
2013-02-01,skeleton.py,283,141,142
2013-02-01,koenpage-out.html,4,2,2
2013-02-01,test-out.html,4,2,2
2013-02-01,skeleton.py,283,142,141
2013-02-01,base.html,4,2,2
2013-02-01,base.html,4,2,2
2013-01-01,skeleton.py,253,141,112
2013-01-01,page.py,10,7,3
2013-01-01,haml.disabled.py,44,44,0
2013-01-01,sass.disabled.py,8,8,0
2012-12-01,page.py,10,7,3
2012-12-01,page.py,10,7,3
2012-12-01,listener.py,10,8,2
2012-12-01,google_closure_compiler.disabled.py,23,5,18
2012-12-01,site.py,6,4,2
2012-12-01,google_closure_compiler.disabled.py,28,28,0
2012-12-01,less.disabled.py,1,0,1
2012-12-01,less.disabled.py,13,13,0
2012-12-01,haml.disabled.py,44,44,0
2012-12-01,haml.disabled.py,19,12,7
2012-12-01,haml.disabled.py,14,7,7
2012-12-01,haml.disabled.py,39,39,0
2012-12-01,sass.disabled.py,8,8,0
2012-12-01,sass.disabled.py,8,8,0
2012-12-01,site.py,8,4,4
2012-12-01,skeleton.py,222,112,110
2012-12-01,blog.disabled.py,53,40,13
2012-12-01,file.py,15,11,4
2012-12-01,markdown.disabled.py,57,0,57
2012-12-01,site.py,15,5,10
2012-12-01,site.py,2,1,1
2012-12-01,file.py,7,5,2
2012-12-01,skeleton.py,209,105,104
2012-12-01,coffeescript.disabled.py,5,4,1
2012-12-01,file.py,9,5,4
2012-12-01,mime.py,4,4,0
2012-12-01,page.py,4,2,2
2012-12-01,server.py,54,32,22
2012-12-01,site.py,3,2,1
2012-12-01,utils.py,12,5,7
2012-12-01,test_basic.py,11,7,4
2012-12-01,__init__.py,4,2,2
2012-11-01,setup.py,2,1,1
2012-11-01,skeleton.py,222,109,113
2012-11-01,utils.py,58,58,0
2012-11-01,listener.py,61,33,28
2012-11-01,file.py,40,28,12
2012-11-01,__init__.py,4,2,2
2012-11-01,site.py,13,13,0
2012-11-01,__init__.py,22,18,4
2012-10-01,server.py,11,7,4
2012-10-01,server.py,11,7,4
2012-10-01,skeleton.py,224,113,111
2012-10-01,version.py,10,7,3
2012-10-01,file.py,2,1,1
2012-09-01,file.py,4,2,2
2012-09-01,mime.py,20,20,0
2012-09-01,server.py,59,57,2
2012-09-01,server.py,14,14,0
2012-09-01,cli.py,9,6,3
2012-09-01,site.py,3,2,1
2012-09-01,file.py,3,2,1
2012-09-01,site.py,4,3,1
2012-09-01,setup.py,2,1,1
2012-09-01,setup.py,2,1,1
2012-09-01,file.py,3,2,1
2012-09-01,site.py,4,3,1
2012-09-01,site.py,8,3,5
2012-09-01,site.py,22,14,8
2012-09-01,setup.py,2,1,1
2012-09-01,page.py,7,2,5
2012-09-01,setup.py,4,2,2
2012-09-01,site.py,16,8,8
2012-09-01,setup.py,2,1,1
2012-09-01,setup.py,6,3,3
2012-09-01,setup.py,2,1,1
2012-09-01,skeleton.py,216,111,105
2012-09-01,browser.py,66,37,29
2012-09-01,site.py,4,1,3
2012-09-01,blog.disabled.py,19,14,5
2012-09-01,setup.py,3,2,1
2012-09-01,error.html,27,0,27
2012-09-01,index.html,16,0,16
2012-09-01,first-post.html,46,0,46
2012-09-01,second-post.html,16,0,16
2012-09-01,third-post.html,16,0,16
2012-09-01,blog.py,48,0,48
2012-09-01,coffeescript.disabled.py,5,0,5
2012-09-01,sprites.disabled.py,48,0,48
2012-09-01,version.py,56,0,56
2012-09-01,master.css,47,0,47
2012-09-01,base.html,21,0,21
2012-09-01,post.html,16,0,16
2012-08-01,setup.py,2,1,1
2012-08-01,site.py,18,13,5
2012-08-01,listener.py,49,32,17
2012-08-01,browser.py,26,17,9
2012-08-01,browser.py,47,47,0
2012-08-01,site.py,5,5,0
2012-08-01,skeleton.py,209,105,104
2012-08-01,server.py,20,20,0
2012-08-01,site.py,28,4,24
2012-08-01,setup.py,2,1,1
2012-08-01,skeleton.py,209,104,105
2012-08-01,koenpage-out.html,23,16,7
2012-08-01,test-out.html,23,16,7
2012-08-01,test_basic.py,8,5,3
2012-08-01,skeleton.py,195,105,90
2012-08-01,style.css,3,3,0
2012-08-01,main.js,3,3,0
2012-08-01,base.html,25,17,8
2012-08-01,setup.py,2,1,1
2012-08-01,page.py,2,1,1
2012-08-01,site.py,8,7,1
2012-08-01,utils.py,9,2,7
2012-08-01,skeleton.py,201,90,111
2012-08-01,setup.py,2,1,1
2012-08-01,first-post.html,14,13,1
2012-08-01,second-post.html,6,6,0
2012-08-01,third-post.html,6,6,0
2012-08-01,master.css,10,1,9
2012-08-01,skeleton.py,221,111,110
2012-08-01,site.py,17,14,3
2012-08-01,blog.disabled.py,1,0,1
2012-07-01,skeleton.py,190,110,80
2012-07-01,blog.disabled.py,52,52,0
2012-07-01,markdown.disabled.py,57,57,0
2012-07-01,scss.disabled..py,37,37,0
2012-07-01,sprites.disabled.py,7,7,0
2012-07-01,utils.py,5,4,1
2012-07-01,site.py,5,4,1
2012-06-01,site.py,3,2,1
2012-06-01,koenpage-out.html,2,1,1
2012-06-01,test-out.html,2,1,1
2012-06-01,error.html,10,7,3
2012-06-01,base.html,3,3,0
2012-06-01,skeleton.py,159,80,79
2012-06-01,site.py,8,6,2
2012-06-01,page.py,2,1,1
2012-06-01,error.html,23,23,0
2012-06-01,index.html,16,16,0
2012-06-01,first-post.html,34,34,0
2012-06-01,second-post.html,10,10,0
2012-06-01,third-post.html,10,10,0
2012-06-01,blog.py,48,48,0
2012-06-01,coffeescript.disabled.py,5,5,0
2012-06-01,sprites.disabled.py,48,48,0
2012-06-01,version.py,56,56,0
2012-06-01,master.css,55,55,0
2012-06-01,base.html,18,18,0
2012-06-01,post.html,16,16,0
2012-06-01,file.py,4,2,2
2012-06-01,page.py,4,2,2
2012-06-01,site.py,7,5,2
2012-06-01,skeleton.py,157,79,78
2012-06-01,test_basic.py,2,1,1
2012-06-01,page.py,23,4,19
2012-06-01,utils.py,34,33,1
2012-06-01,koenpage-in.html,6,6,0
2012-06-01,koenpage-out.html,17,17,0
2012-06-01,test_basic.py,41,24,17
2012-06-01,test_parser.py,27,27,0
2012-06-01,skeleton.py,156,78,78
2012-06-01,site.py,2,1,1
2012-06-01,skeleton.py,156,78,78
2012-06-01,test_basic.py,16,7,9
2012-06-01,site.py,14,9,5
2012-06-01,test-in.html,4,4,0
2012-06-01,test-out.html,17,17,0
2012-06-01,test_basic.py,70,61,9
2012-06-01,site.py,27,15,12
2012-06-01,skeleton.py,80,80,0
2012-06-01,setup.py,9,0,9
2012-06-01,sprites.disabled.py,5,3,2
2012-06-01,sprites.disabled.py,47,47,0
2012-06-01,page.py,15,13,2
2012-06-01,utils.py,22,7,15
2012-06-01,setup.py,4,1,3
2012-06-01,cli.py,80,54,26
2012-06-01,site.py,5,1,4
2012-06-01,site.py,5,4,1
2012-06-01,__cli__.py,11,0,11
2012-06-01,__init__.py,10,0,10
2012-06-01,cli.py,66,0,66
2012-06-01,config.py,22,0,22
2012-06-01,file.py,90,0,90
2012-06-01,listener.py,57,0,57
2012-06-01,page.py,90,0,90
2012-06-01,site.py,321,0,321
2012-06-01,utils.py,121,0,121
2012-06-01,setup.py,30,30,0
2012-06-01,listener.py,17,14,3
2012-06-01,site.py,28,20,8
2012-06-01,utils.py,38,25,13
2012-06-01,listener.py,17,14,3
2012-06-01,site.py,28,20,8
2012-06-01,utils.py,38,25,13
2012-06-01,__init__.py,0,0,0
2012-06-01,coffeescript.disabled.py,5,5,0
2012-06-01,version.py,30,20,10
2012-06-01,page.py,21,14,7
2012-06-01,site.py,83,64,19
2012-06-01,page.py,21,14,7
2012-06-01,site.py,83,64,19
2012-06-01,__init__.py,5,4,1
2012-06-01,cli.py,8,8,0
2012-06-01,file.py,73,67,6
2012-06-01,site.py,119,105,14
2012-06-01,utils.py,86,77,9
2012-06-01,__init__.py,5,4,1
2012-06-01,cli.py,8,8,0
2012-06-01,file.py,73,67,6
2012-06-01,site.py,119,105,14
2012-06-01,utils.py,86,77,9
2012-06-01,setup.py,4,2,2
2012-06-01,setup.py,9,1,8
2012-06-01,utils.py,4,3,1
2012-06-01,utils.py,4,3,1
2012-06-01,setup.py,26,14,12
2012-06-01,error.html,0,0,0
2012-06-01,index.html,0,0,0
2012-06-01,__init__.py,0,0,0
2012-06-01,version.py,0,0,0
2012-06-01,base.html,0,0,0
2012-06-01,page.py,7,5,2
2012-06-01,page.py,7,5,2
2012-06-01,setup.py,1,0,1
2012-06-01,__cli__.py,11,11,0
2012-06-01,__init__.py,7,7,0
2012-06-01,cli.py,58,58,0
2012-06-01,config.py,22,22,0
2012-06-01,file.py,29,29,0
2012-06-01,listener.py,46,46,0
2012-06-01,page.py,80,80,0
2012-06-01,site.py,173,173,0
2012-06-01,utils.py,39,39,0
2012-06-01,__init__.py,2,2,0
2012-06-01,cli.py,58,58,0
2012-06-01,cmd.py,1,0,1
2012-06-01,listener.py,46,46,0
2012-06-01,site.py,80,76,4
2012-06-01,render.py,3,0,3
2012-06-01,templatetags.py,3,0,3
2012-06-01,utils.py,16,15,1
2012-06-01,setup.py,60,60,0
2012-06-01,test_basic.py,2,0,2
2012-06-01,cactus.py,753,0,753
2012-06-01,__init__.py,5,5,0
2012-06-01,cmd.py,1,1,0
2012-06-01,config.py,22,22,0
2012-06-01,file.py,29,29,0
2012-06-01,page.py,80,80,0
2012-06-01,site.py,101,101,0
2012-06-01,error.html,23,23,0
2012-06-01,index.html,4,4,0
2012-06-01,__init__.py,0,0,0
2012-06-01,render.py,3,3,0
2012-06-01,templatetags.py,3,3,0
2012-06-01,version.py,46,46,0
2012-06-01,base.html,17,17,0
2012-06-01,utils.py,25,25,0
2012-06-01,test_basic.py,44,44,0
2012-04-01,cactus.py,13,12,1
2011-12-01,cactus.py,15,11,4
2011-12-01,cactus.py,15,11,4
2011-10-01,cactus.py,10,8,2
2011-10-01,cactus.py,8,7,1
2011-10-01,cactus.py,2,1,1
2011-10-01,cactus.py,40,36,4
2011-10-01,cactus.py,46,27,19
2011-10-01,cactus.py,4,2,2
2011-10-01,cactus.py,10,8,2
2011-09-01,cactus.py,14,9,5
2011-09-01,cactus.py,14,9,5
2011-08-01,cactus.py,9,5,4
2011-08-01,cactus.py,2,1,1
2011-08-01,cactus.py,9,5,4
2011-07-01,cactus.py,10,8,2
2011-07-01,cactus.py,13,10,3
2011-07-01,cactus.py,4,3,1
2011-07-01,cactus.py,25,12,13
2011-07-01,cactus.py,2,1,1
2011-04-01,cactus.py,49,38,11
2011-04-01,cactus.py,37,16,21
2011-04-01,cactus.py,33,28,5
2011-04-01,cactus.py,104,67,37
2011-04-01,cactus.py,23,20,3
2011-04-01,cactus.py,106,87,19
2011-03-01,cactus.py,8,7,1
2011-03-01,cactus.py,83,47,36
2011-03-01,cactus.py,4,2,2
2011-03-01,cactus.py,2,1,1
2011-03-01,cactus.py,1,0,1
2011-03-01,cactus.py,10,3,7
2011-03-01,cactus.py,352,204,148
2011-03-01,cactus.py,2,1,1
2011-03-01,cactus.py,64,57,7
2011-03-01,cactus.py,32,21,11
2011-03-01,cactus.py,98,87,11
2011-02-01,cactus.py,25,21,4
2011-02-01,cactus.py,10,6,4
2011-02-01,cactus.py,1,1,0
2011-02-01,cactus.py,84,84,0
2011-02-01,cactus.py,9,3,6
2011-02-01,cactus.py,2,1,1
2011-02-01,cactus.py,11,11,0
2011-02-01,cactus.py,55,33,22
2011-02-01,cactus.py,7,4,3
2011-02-01,cactus.py,55,43,12
2011-02-01,cactus.py,116,92,24
2011-02-01,cactus.py,71,71,0
