Date,Filename,Total,Additions,Deletions
2020-02-01,changes.md,78,78,0
2020-02-01,contributors.md,14,14,0
2020-02-01,todo.md,9,9,0
2020-02-01,troubleshooting.md,40,40,0
2020-02-01,README.en.md,2,1,1
2020-02-01,README.md,1,1,0
2020-02-01,CHANGES.md,79,0,79
2020-02-01,CONTRIBUTORS.md,14,0,14
2020-02-01,README.en.md,8,4,4
2020-02-01,README.md,12,6,6
2020-02-01,TODO.md,9,0,9
2020-02-01,Q&A.md,40,0,40
2020-02-01,CODE_OF_CONDUCT.md,51,0,51
2020-02-01,CONTRIBUTING.md,42,0,42
2020-02-01,PULL_REQUEST_TEMPLATE.md,1,0,1
2020-02-01,README.en.md,119,17,102
2020-02-01,README.md,105,18,87
2020-02-01,usage_help.en.md,148,148,0
2020-02-01,usage_help.md,8,7,1
2020-02-01,oneforall.py,16,8,8
2020-02-01,request.py,4,2,2
2020-02-01,takeover.py,4,2,2
2020-02-01,utils.py,33,13,20
2020-02-01,dbexport.py,2,2,0
2020-02-01,takeover.py,5,3,2
2020-02-01,oneforall.py,1,0,1
2020-02-01,aiobrute.py,45,22,23
2020-02-01,collect.py,13,7,6
2020-02-01,database.py,21,18,3
2020-02-01,domain.py,2,1,1
2020-02-01,module.py,2,1,1
2020-02-01,request.py,38,35,3
2020-02-01,resolve.py,46,39,7
2020-02-01,utils.py,29,18,11
2020-02-01,config.py,39,26,13
2020-02-01,dbexport.py,10,6,4
2020-02-01,srv.py,4,2,2
2020-02-01,oneforall.py,195,111,84
2020-02-01,takeover.py,2,1,1
2020-02-01,README.en.md,6,5,1
2020-02-01,README.md,6,5,1
2020-02-01,gitee.py,2,2,0
2020-02-01,config.py,4,0,4
2020-02-01,oneforall.py,2,1,1
2020-02-01,CHANGES.md,15,14,1
2020-02-01,README.en.md,2,1,1
2020-02-01,README.md,2,1,1
2020-02-01,README.en.md,20,11,9
2020-02-01,README.md,105,53,52
2020-02-01,oneforall.py,2,1,1
2020-02-01,oneforall.py,7,4,3
2020-02-01,README.en.md,5,3,2
2020-02-01,README.md,3,2,1
2020-02-01,utils.py,21,12,9
2020-02-01,aiobrute.py,2,1,1
2020-02-01,utils.py,11,6,5
2020-02-01,dbexport.py,4,2,2
2020-02-01,oneforall.py,13,8,5
2020-02-01,oneforall.py,4,2,2
2020-02-01,bug_report_zh.md,2,1,1
2020-02-01,bug_report_zh.md,2,1,1
2020-02-01,--bug.md,36,0,36
2020-02-01,bug_report_zh.md,39,39,0
2020-02-01,.travis.yml,5,3,2
2020-02-01,.travis.yml,1,1,0
2020-02-01,oneforall.py,4,2,2
2020-02-01,.travis.yml,2,1,1
2020-02-01,.travis.yml,1,1,0
2020-02-01,request.py,11,9,2
2020-02-01,resolve.py,2,1,1
2020-02-01,aiobrute.py,51,6,45
2020-02-01,resolve.py,177,118,59
2020-02-01,utils.py,4,4,0
2020-02-01,oneforall.py,6,3,3
2020-02-01,aiobrute.py,15,10,5
2020-02-01,config.py,5,3,2
2020-02-01,ip138.py,3,1,2
2020-02-01,Pipfile,1,1,0
2020-02-01,Pipfile.lock,265,147,118
2020-02-01,requirements.txt,26,10,16
2020-02-01,collect.py,21,15,6
2020-02-01,utils.py,2,1,1
2020-02-01,config.py,4,2,2
2020-02-01,example.py,9,5,4
2020-02-01,github.py,2,1,1
2020-02-01,request.py,49,30,19
2020-02-01,config.py,2,2,0
2020-02-01,oneforall.py,2,1,1
2020-02-01,example.py,2,2,0
2020-02-01,api.py,2,1,1
2020-02-01,zoomeye_api.py,4,2,2
2020-02-01,collection_modules.md,56,28,28
2020-02-01,README.en.md,2,1,1
2020-02-01,README.md,2,1,1
2020-02-01,collection_modules.md,1,1,0
2020-02-01,utils.py,12,6,6
2020-02-01,takeover.py,12,6,6
2020-02-01,request.py,32,14,18
2020-02-01,config.py,21,13,8
2020-02-01,database.py,28,14,14
2020-02-01,module.py,13,6,7
2020-02-01,utils.py,3,3,0
2020-02-01,aiobrute.py,14,7,7
2020-02-01,utils.py,31,17,14
2020-02-01,config.py,10,6,4
2020-02-01,dbexport.py,9,4,5
2020-02-01,api.py,74,74,0
2020-02-01,config.py,78,2,76
2020-02-01,github.py,6,3,3
2020-02-01,censys_api.py,6,3,3
2020-02-01,spyse_api.py,4,2,2
2020-02-01,binaryedge_api.py,4,2,2
2020-02-01,chinaz_api.py,4,2,2
2020-02-01,circl_api.py,6,3,3
2020-02-01,dnsdb_api.py,4,2,2
2020-02-01,ipv4info_api.py,146,73,73
2020-02-01,passivedns_api.py,6,3,3
2020-02-01,securitytrails_api.py,6,3,3
2020-02-01,riskiq_api.py,6,3,3
2020-02-01,threatbook_api.py,4,2,2
2020-02-01,virustotal_api.py,4,2,2
2020-02-01,bing_api.py,6,3,3
2020-02-01,fofa_api.py,6,3,3
2020-02-01,github.py,6,3,3
2020-02-01,google_api.py,6,3,3
2020-02-01,shodan_api.py,4,2,2
2020-02-01,zoomeye_api.py,6,3,3
2020-02-01,github.py,12,7,5
2020-02-01,github.py,5,2,3
2020-02-01,database.py,12,8,4
2020-02-01,request.py,8,2,6
2020-02-01,config.py,14,7,7
2020-02-01,module.py,27,15,12
2020-02-01,utils.py,20,19,1
2020-02-01,config.py,3,3,0
2020-02-01,oneforall.py,18,13,5
2020-02-01,module.py,3,2,1
2020-02-01,module.py,2,2,0
2020-02-01,module.py,30,16,14
2020-02-01,gitee.py,72,72,0
2020-02-01,github.py,2,1,1
2020-02-01,request.py,4,2,2
2020-02-01,config.py,445,225,220
2020-02-01,oneforall.py,2,1,1
2020-02-01,README.en.md,2,1,1
2020-02-01,collect.py,2,1,1
2020-02-01,utils.py,47,32,15
2020-02-01,dbexport.py,12,6,6
2020-02-01,oneforall.py,14,7,7
2020-02-01,takeover.py,16,8,8
2020-01-01,README.en.md,2,1,1
2020-01-01,README.en.md,2,1,1
2020-01-01,request.py,6,3,3
2020-01-01,request.py,4,2,2
2020-01-01,request.py,12,5,7
2020-01-01,resolve.py,12,6,6
2020-01-01,utils.py,4,4,0
2020-01-01,config.py,16,9,7
2020-01-01,subnames.txt,6702,1981,4721
2020-01-01,module.py,2,1,1
2020-01-01,utils.py,4,2,2
2020-01-01,srv.py,2,1,1
2020-01-01,takeover.py,2,1,1
2020-01-01,aiobrute.py,11,4,7
2020-01-01,config.py,4,0,4
2020-01-01,README.en.md,21,7,14
2020-01-01,README.md,19,9,10
2020-01-01,config.py,10,6,4
2020-01-01,request.py,2,1,1
2020-01-01,config.py,6,3,3
2020-01-01,request.py,10,4,6
2020-01-01,resolve.py,12,6,6
2020-01-01,utils.py,4,4,0
2020-01-01,oneforall.py,4,2,2
2020-01-01,request.py,48,23,25
2020-01-01,resolve.py,3,3,0
2020-01-01,request.py,22,15,7
2020-01-01,big_subnames.txt,2853562,2853562,0
2020-01-01,aiobrute.py,2,1,1
2020-01-01,config.py,2,1,1
2020-01-01,aiobrute.py,2,1,1
2020-01-01,request.py,3,2,1
2020-01-01,resolve.py,40,21,19
2020-01-01,config.py,2,1,1
2020-01-01,oneforall.py,4,3,1
2020-01-01,takeover.py,1,1,0
2020-01-01,Pipfile.lock,64,32,32
2020-01-01,aiobrute.py,87,54,33
2020-01-01,requirements.txt,12,6,6
2020-01-01,oneforall.py,4,2,2
2020-01-01,aiobrute.py,2,1,1
2020-01-01,aiobrute.py,2,1,1
2019-12-01,aiobrute.py,4,2,2
2019-12-01,config.py,2,1,1
2019-12-01,utils.py,9,4,5
2019-12-01,dbexport.py,3,1,2
2019-12-01,takeover.py,4,2,2
2019-12-01,aiobrute.py,6,3,3
2019-12-01,cert.py,5,3,2
2019-12-01,aiobrute.py,12,5,7
2019-12-01,request.py,4,1,3
2019-12-01,resolve.py,4,1,3
2019-12-01,takeover.py,1,0,1
2019-12-01,request.py,24,11,13
2019-12-01,utils.py,56,53,3
2019-12-01,dbexport.py,4,3,1
2019-12-01,oneforall.py,4,4,0
2019-12-01,takeover.py,4,2,2
2019-12-01,installation_dependency.md,2,1,1
2019-12-01,installation_dependency.md,2,1,1
2019-12-01,config.py,2,1,1
2019-12-01,oneforall.py,2,2,0
2019-12-01,database.py,122,47,75
2019-12-01,test.yml,34,34,0
2019-12-01,README.en.md,2,1,1
2019-12-01,README.md,2,1,1
2019-12-01,search.py,2,1,1
2019-12-01,censys_api.py,2,0,2
2019-12-01,certspotter.py,2,0,2
2019-12-01,crtsh.py,2,0,2
2019-12-01,entrust.py,2,0,2
2019-12-01,google.py,2,0,2
2019-12-01,spyse_api.py,2,0,2
2019-12-01,cdx.py,13,6,7
2019-12-01,csp.py,44,26,18
2019-12-01,robots.py,17,6,11
2019-12-01,sitemap.py,18,7,11
2019-12-01,binaryedge_api.py,2,0,2
2019-12-01,bufferover.py,2,0,2
2019-12-01,cebaidu.py,2,0,2
2019-12-01,chinaz.py,2,0,2
2019-12-01,chinaz_api.py,2,0,2
2019-12-01,circl_api.py,2,0,2
2019-12-01,dnsdb_api.py,2,0,2
2019-12-01,dnsdumpster.py,2,0,2
2019-12-01,ip138.py,2,0,2
2019-12-01,passivedns_api.py,2,0,2
2019-12-01,riddler.py,2,0,2
2019-12-01,securitytrails_api.py,2,0,2
2019-12-01,sitedossier.py,2,0,2
2019-12-01,ximcx.py,2,0,2
2019-12-01,alienvault.py,3,0,3
2019-12-01,threatminer.py,3,0,3
2019-12-01,virustotal.py,3,0,3
2019-12-01,baidu.py,18,9,9
2019-12-01,oneforall.py,4,2,2
2019-12-01,Pipfile,3,1,2
2019-12-01,Pipfile.lock,200,29,171
2019-12-01,requirements.txt,15,4,11
2019-12-01,censys_api.py,2,0,2
2019-12-01,certspotter.py,2,0,2
2019-12-01,crtsh.py,2,0,2
2019-12-01,entrust.py,2,0,2
2019-12-01,google.py,2,0,2
2019-12-01,spyse_api.py,2,0,2
2019-12-01,binaryedge_api.py,2,0,2
2019-12-01,bufferover.py,2,0,2
2019-12-01,cebaidu.py,2,0,2
2019-12-01,chinaz.py,2,0,2
2019-12-01,chinaz_api.py,2,0,2
2019-12-01,circl_api.py,2,0,2
2019-12-01,dnsdb_api.py,2,0,2
2019-12-01,dnsdumpster.py,2,0,2
2019-12-01,ip138.py,2,0,2
2019-12-01,passivedns_api.py,2,0,2
2019-12-01,riddler.py,2,0,2
2019-12-01,securitytrails_api.py,2,0,2
2019-12-01,sitedossier.py,2,0,2
2019-12-01,ximcx.py,2,0,2
2019-12-01,alienvault.py,3,0,3
2019-12-01,threatminer.py,3,0,3
2019-12-01,virustotal.py,3,0,3
2019-12-01,search.py,2,1,1
2019-12-01,cdx.py,13,6,7
2019-12-01,csp.py,44,26,18
2019-12-01,robots.py,17,6,11
2019-12-01,sitemap.py,18,7,11
2019-12-01,baidu.py,18,9,9
2019-12-01,README.en.md,2,1,1
2019-12-01,README.md,2,1,1
2019-12-01,oneforall.py,4,2,2
2019-12-01,test.yml,10,5,5
2019-12-01,test.yml,34,34,0
2019-12-01,github.py,2,1,1
2019-12-01,README.en.md,2,1,1
2019-12-01,README.md,3,1,2
2019-12-01,Pipfile.lock,257,127,130
2019-12-01,requirements.txt,24,12,12
2019-12-01,bufferover.py,2,1,1
2019-12-01,threatcrowd.py,4,2,2
2019-12-01,database.py,22,11,11
2019-12-01,module.py,6,3,3
2019-12-01,request.py,6,3,3
2019-12-01,resolve.py,14,7,7
2019-12-01,utils.py,2,1,1
2019-12-01,axfr.py,2,1,1
2019-12-01,cert.py,2,1,1
2019-12-01,srv.py,4,2,2
2019-12-01,duckduckgo.py,2,1,1
2019-12-01,github.py,6,3,3
2019-12-01,takeover.py,4,2,2
2019-12-01,Dockerfile,13,13,0
2019-12-01,README.en.md,18,17,1
2019-12-01,README.md,18,17,1
2019-12-01,Dockerfile,13,13,0
2019-12-01,README.md,18,17,1
2019-12-01,cebaidu.py,2,1,1
2019-12-01,so.py,2,1,1
2019-12-01,README.md,4,2,2
2019-12-01,Dockerfile,13,13,0
2019-12-01,README.md,18,17,1
2019-11-01,README.en.md,2,1,1
2019-11-01,README.md,2,1,1
2019-11-01,collection_modules.md,3,2,1
2019-11-01,axfr.py,5,3,2
2019-11-01,alienvault.py,61,61,0
2019-11-01,github.py,4,2,2
2019-11-01,installation_dependency.md,130,75,55
2019-11-01,github.py,2,2,0
2019-11-01,request.py,8,6,2
2019-11-01,resolve.py,32,27,5
2019-11-01,ip138.py,1,0,1
2019-11-01,takeover.py,2,1,1
2019-11-01,README.en.md,2,1,1
2019-11-01,README.md,2,1,1
2019-11-01,collection_modules.md,4,3,1
2019-11-01,ip138.py,53,53,0
2019-11-01,README.en.md,4,2,2
2019-11-01,README.md,4,2,2
2019-11-01,ximcx.py,52,52,0
2019-11-01,Pipfile.lock,105,56,49
2019-11-01,requirements.txt,16,8,8
2019-11-01,github.py,20,16,4
2019-11-01,module.py,35,31,4
2019-11-01,search.py,7,5,2
2019-11-01,zoomeye_api.py,2,1,1
2019-10-01,README.en.md,2,2,0
2019-10-01,README.md,2,2,0
2019-10-01,oneforall.py,29,18,11
2019-10-01,README.en.md,11,6,5
2019-10-01,README.md,10,6,4
2019-10-01,config.py,3,2,1
2019-10-01,oneforall.py,45,28,17
2019-10-01,Donate.png,0,0,0
2019-10-01,README.md,12,4,8
2019-10-01,Donate.png,0,0,0
2019-10-01,CHANGES.md,6,6,0
2019-10-01,README.en.md,2,1,1
2019-10-01,README.md,2,1,1
2019-10-01,oneforall.py,4,2,2
2019-10-01,README.en.md,2,1,1
2019-10-01,README.md,4,2,2
2019-10-01,database.py,24,22,2
2019-10-01,utils.py,26,26,0
2019-10-01,oneforall.py,49,31,18
2019-10-01,request.py,4,2,2
2019-10-01,resolve.py,2,1,1
2019-10-01,database.py,24,16,8
2019-10-01,module.py,6,6,0
2019-10-01,request.py,2,2,0
2019-10-01,dbexport.py,11,3,8
2019-10-01,takeover.py,5,3,2
2019-10-01,README.en.md,4,2,2
2019-10-01,README.md,4,2,2
2019-10-01,installation_dependency.md,32,16,16
2019-10-01,subnames.txt,3002,3001,1
2019-10-01,dnsdb.py,92,0,92
2019-10-01,takeover.py,4,2,2
2019-10-01,srv.py,95,59,36
2019-10-01,request.py,2,1,1
2019-10-01,resolve.py,2,1,1
2019-10-01,srv.py,3,1,2
2019-10-01,Pipfile.lock,72,35,37
2019-10-01,requirements.txt,6,2,4
2019-10-01,resolve.py,18,8,10
2019-10-01,request.py,4,4,0
2019-10-01,config.py,4,2,2
2019-10-01,request.py,37,23,14
2019-10-01,request.py,98,51,47
2019-10-01,oneforall.py,4,2,2
2019-10-01,config.py,4,2,2
2019-10-01,oneforall.py,4,2,2
2019-10-01,request.py,6,3,3
2019-10-01,takeover.py,2,1,1
2019-10-01,README.en.md,6,3,3
2019-10-01,README.md,4,2,2
2019-10-01,request.py,24,15,9
2019-10-01,config.py,47,23,24
2019-10-01,oneforall.py,8,4,4
2019-10-01,request.py,4,2,2
2019-10-01,README.en.md,8,4,4
2019-10-01,README.md,10,5,5
2019-10-01,Q&A.md,4,2,2
2019-10-01,installation_dependency.md,8,4,4
2019-10-01,aiobrute.py,27,19,8
2019-10-01,README.md,2,1,1
2019-10-01,Pipfile,3,1,2
2019-10-01,Pipfile.lock,101,36,65
2019-10-01,requirements.txt,10,5,5
2019-10-01,resolve.py,40,1,39
2019-10-01,request.py,30,13,17
2019-10-01,resolve.py,27,15,12
2019-10-01,utils.py,2,1,1
2019-10-01,config.py,6,3,3
2019-10-01,srv.py,11,6,5
2019-10-01,aiobrute.py,54,26,28
2019-10-01,request.py,20,11,9
2019-10-01,srv_prefixes.json,204,102,102
2019-10-01,srv.py,11,5,6
2019-10-01,srv.py,4,2,2
2019-10-01,srv.py,43,19,24
2019-10-01,axfr.py,4,2,2
2019-10-01,cebaidu.py,1,0,1
2019-10-01,.travis.yml,4,2,2
2019-10-01,CHANGES.md,8,8,0
2019-10-01,Pipfile,2,1,1
2019-10-01,README.en.md,8,4,4
2019-10-01,README.md,4,2,2
2019-10-01,collection_modules.md,3,2,1
2019-10-01,oneforall.py,4,2,2
2019-10-01,Pipfile,2,1,1
2019-10-01,Pipfile.lock,143,73,70
2019-10-01,requirements.txt,20,10,10
2019-10-01,cebaidu.py,52,52,0
2019-10-01,README.en.md,13,8,5
2019-10-01,README.en.md,34,20,14
2019-10-01,README.en.md,369,369,0
2019-10-01,README.md,15,7,8
2019-10-01,database.py,27,13,14
2019-09-01,github.py,1,0,1
2019-09-01,Pipfile.lock,75,34,41
2019-09-01,requirements.txt,16,8,8
2019-09-01,censys_api.py,10,5,5
2019-09-01,zoomeye_api.py,2,1,1
2019-09-01,virustotal_api.py,8,5,3
2019-09-01,ipv4info.py,11,8,3
2019-09-01,config.py,6,3,3
2019-09-01,README.md,4,2,2
2019-09-01,collection_modules.md,4,2,2
2019-09-01,config.py,4,2,2
2019-09-01,spyse_api.py,134,67,67
2019-09-01,README.md,8,4,4
2019-09-01,Q&A.md,13,11,2
2019-08-01,request.py,2,1,1
2019-08-01,request.py,6,5,1
2019-08-01,database.py,26,14,12
2019-08-01,CONTRIBUTORS.md,7,2,5
2019-08-01,README.md,11,4,7
2019-08-01,CHANGES.md,7,7,0
2019-08-01,installation_dependency.md,0,0,0
2019-08-01,request.py,50,36,14
2019-08-01,request.py,8,5,3
2019-08-01,aiobrute.py,2,2,0
2019-08-01,resolve.py,12,10,2
2019-08-01,request.py,2,1,1
2019-08-01,resolve.py,2,1,1
2019-08-01,--bug.md,1,1,0
2019-08-01,oneforall.py,4,2,2
2019-08-01,README.md,10,5,5
2019-08-01,collection_modules.md,40,21,19
2019-08-01,fofa_api.py,2,1,1
2019-08-01,requirements.txt,0,0,0
2019-08-01,Pipfile,1,1,0
2019-08-01,Pipfile.lock,41,38,3
2019-08-01,requirements.txt,0,0,0
2019-08-01,fofa_api.py,13,9,4
2019-08-01,config.py,3,3,0
2019-08-01,github.py,92,79,13
2019-08-01,github.py,1,0,1
2019-08-01,aiobrute.py,4,2,2
2019-08-01,collect.py,2,1,1
2019-08-01,dbexport.py,2,1,1
2019-08-01,oneforall.py,4,2,2
2019-08-01,takeover.py,4,2,2
2019-08-01,github.py,57,57,0
2019-08-01,requirements.txt,0,0,0
2019-08-01,README.md,36,20,16
2019-08-01,TODO.md,8,4,4
2019-08-01,domain.py,8,4,4
2019-08-01,README.md,2,1,1
2019-08-01,takeover.py,63,33,30
2019-08-01,passivedns_api.py,56,56,0
2019-08-01,config.py,6,6,0
2019-08-01,dnsdb_api.py,7,3,4
2019-08-01,bufferover.py,20,14,6
2019-08-01,config.py,3,3,0
2019-08-01,README.md,4,2,2
2019-08-01,README.md,36,20,16
2019-08-01,CONTRIBUTORS.md,10,8,2
2019-08-01,README.md,37,22,15
2019-08-01,Q&A.md,29,24,5
2019-08-01,building_fail_solution.md,13,0,13
2019-08-01,config.py,4,2,2
2019-08-01,CHANGES.md,7,7,0
2019-08-01,README.md,4,2,2
2019-08-01,oneforall.py,4,2,2
2019-08-01,takeover.py,3,1,2
2019-08-01,aiobrute.py,6,4,2
2019-08-01,resolve.py,6,5,1
2019-08-01,utils.py,6,3,3
2019-08-01,takeover.py,10,7,3
2019-08-01,Q&A.md,7,6,1
2019-08-01,Pipfile,1,1,0
2019-08-01,Pipfile.lock,15,8,7
2019-08-01,requirements.txt,0,0,0
2019-08-01,using_help.md,42,41,1
2019-08-01,takeover.py,12,7,5
2019-08-01,github.py,102,102,0
2019-08-01,takeover.py,40,29,11
2019-08-01,request.py,9,6,3
2019-08-01,subdomains.txt,2,2,0
2019-08-01,oneforall.py,13,11,2
2019-08-01,takeover.py,296,136,160
2019-08-01,dbexport.py,39,6,33
2019-08-01,module.py,46,14,32
2019-08-01,utils.py,69,67,2
2019-08-01,resolve.py,10,9,1
2019-08-01,request.py,75,44,31
2019-08-01,dnsdb.py,10,7,3
2019-08-01,collect.py,1,0,1
2019-08-01,collect.py,7,1,6
2019-08-01,config.py,6,3,3
2019-08-01,domains.txt,2,1,1
2019-08-01,fingerprints.json,0,0,0
2019-08-01,next_subnames.txt,326,163,163
2019-08-01,subnames.txt,46078,23039,23039
2019-08-01,aiobrute.py,19,11,8
2019-08-01,dnsdb.py,2,1,1
2019-08-01,threatcrowd.py,2,1,1
2019-08-01,fofa_api.py,9,6,3
2019-08-01,certdb_api.py,2,1,1
2019-08-01,certspotter.py,2,1,1
2019-08-01,entrust.py,3,2,1
2019-08-01,google.py,2,1,1
2019-08-01,threatcrowd.py,2,1,1
2019-08-01,threatcrowd.py,2,1,1
2019-08-01,certdb_api.py,2,1,1
2019-08-01,certspotter.py,3,2,1
2019-08-01,entrust.py,2,1,1
2019-08-01,google.py,5,3,2
2019-08-01,config.py,4,4,0
2019-08-01,providers.json,249,249,0
2019-08-01,takeover.py,167,167,0
2019-08-01,censys_api.py,2,1,1
2019-08-01,README.md,2,1,1
2019-08-01,collection_modules.md,3,2,1
2019-08-01,README.md,25,13,12
2019-08-01,Q&A.md,7,7,0
2019-08-01,censys_api.py,14,7,7
2019-08-01,certdb_api.py,6,3,3
2019-08-01,certspotter.py,4,2,2
2019-08-01,crtsh.py,4,2,2
2019-08-01,entrust.py,4,2,2
2019-08-01,google.py,4,2,2
2019-08-01,axfr.py,12,6,6
2019-08-01,cdx.py,1,0,1
2019-08-01,cert.py,4,2,2
2019-08-01,csp.py,6,4,2
2019-08-01,archivecrawl.py,4,2,2
2019-08-01,commoncrawl.py,4,2,2
2019-08-01,binaryedge_api.py,4,2,2
2019-08-01,bufferover.py,4,2,2
2019-08-01,chinaz.py,4,2,2
2019-08-01,chinaz_api.py,4,2,2
2019-08-01,circl_api.py,4,2,2
2019-08-01,dnsdb.py,8,4,4
2019-08-01,dnsdb_api.py,4,2,2
2019-08-01,dnsdumpster.py,6,3,3
2019-08-01,hackertarget.py,6,3,3
2019-08-01,ipv4info.py,10,5,5
2019-08-01,netcraft.py,6,3,3
2019-08-01,ptrarchive.py,6,3,3
2019-08-01,riddler.py,4,2,2
2019-08-01,robtex.py,6,3,3
2019-08-01,securitytrails_api.py,6,3,3
2019-08-01,sitedossier.py,6,3,3
2019-08-01,threatcrowd.py,4,2,2
2019-08-01,srv.py,6,3,3
2019-08-01,riskiq_api.py,8,3,5
2019-08-01,threatbook_api.py,4,2,2
2019-08-01,threatminer.py,4,2,2
2019-08-01,virustotal.py,12,6,6
2019-08-01,virustotal_api.py,6,3,3
2019-08-01,ask.py,8,4,4
2019-08-01,baidu.py,10,5,5
2019-08-01,bing.py,8,4,4
2019-08-01,bing_api.py,8,4,4
2019-08-01,duckduckgo.py,8,4,4
2019-08-01,exalead.py,8,4,4
2019-08-01,fofa_api.py,6,3,3
2019-08-01,google.py,8,4,4
2019-08-01,google_api.py,8,4,4
2019-08-01,shodan_api.py,8,4,4
2019-08-01,so.py,8,4,4
2019-08-01,sogou.py,8,4,4
2019-08-01,yahoo.py,8,4,4
2019-08-01,yandex.py,8,4,4
2019-08-01,zoomeye_api.py,12,6,6
2019-08-01,dnsdb.py,65,42,23
2019-08-01,Pipfile,4,3,1
2019-08-01,Pipfile.lock,170,141,29
2019-08-01,requirements.txt,0,0,0
2019-08-01,takeover.py,2,1,1
2019-08-01,threatcrowd.py,55,55,0
2019-08-01,config.py,4,2,2
2019-08-01,config.py,4,4,0
2019-08-01,providers.json,249,249,0
2019-08-01,takeover.py,167,167,0
2019-08-01,README.md,8,4,4
2019-08-01,_config.yml,1,1,0
2019-08-01,README.md,18,9,9
2019-08-01,README.md,5,5,0
2019-08-01,README.md,38,19,19
2019-08-01,aiobrute.py,8,4,4
2019-08-01,dbexport.py,21,12,9
2019-08-01,oneforall.py,8,4,4
2019-08-01,ptrarchive.py,2,1,1
2019-08-01,domains.txt,2,1,1
2019-08-01,ipv4info.py,7,4,3
2019-08-01,aiobrute.py,6,3,3
2019-08-01,collect.py,2,1,1
2019-08-01,database.py,7,5,2
2019-08-01,module.py,1,1,0
2019-08-01,utils.py,12,7,5
2019-08-01,config.py,11,7,4
2019-08-01,dbexport.py,33,23,10
2019-08-01,domains.txt,3,2,1
2019-08-01,oneforall.py,21,8,13
2019-08-01,request.py,2,2,0
2019-08-01,README.md,4,2,2
2019-08-01,Installation_dependency.md,30,15,15
2019-08-01,README.md,2,1,1
2019-08-01,README.md,154,68,86
2019-08-01,using_help.md,172,172,0
2019-08-01,aiobrute.py,14,7,7
2019-08-01,config.py,2,1,1
2019-08-01,dbexport.py,10,5,5
2019-08-01,oneforall.py,14,8,6
2019-08-01,dbexport.py,2,1,1
2019-08-01,README.md,54,31,23
2019-08-01,Installation_dependency.md,64,64,0
2019-08-01,dbexport.py,14,10,4
2019-08-01,request.py,4,3,1
2019-08-01,aiobrute.py,9,4,5
2019-08-01,utils.py,2,1,1
2019-08-01,request.py,6,5,1
2019-08-01,config.py,4,2,2
2019-08-01,oneforall.py,2,1,1
2019-08-01,aiobrute.py,8,5,3
2019-08-01,dbexport.py,8,4,4
2019-08-01,config.py,5,3,2
2019-08-01,oneforall.py,51,33,18
2019-08-01,certdb_api.py,2,2,0
2019-08-01,fofa_api.py,2,2,0
2019-08-01,zoomeye_api.py,2,2,0
2019-08-01,README.md,2,1,1
2019-08-01,CHANGES.md,3,3,0
2019-08-01,oneforall.py,4,2,2
2019-08-01,utils.py,6,3,3
2019-08-01,config.py,4,2,2
2019-08-01,request.py,5,4,1
2019-08-01,request.py,42,23,19
2019-08-01,config.py,11,6,5
2019-08-01,module.py,14,12,2
2019-08-01,shodan_api.py,2,2,0
2019-08-01,axfr.py,2,1,1
2019-08-01,request.py,27,13,14
2019-08-01,resolve.py,2,1,1
2019-08-01,config.py,7,4,3
2019-08-01,sitemap.py,2,1,1
2019-08-01,netcraft.py,2,1,1
2019-08-01,oneforall.py,2,2,0
2019-08-01,aiobrute.py,29,25,4
2019-08-01,collect.py,16,5,11
2019-08-01,database.py,66,50,16
2019-08-01,module.py,4,2,2
2019-08-01,request.py,4,3,1
2019-08-01,resolve.py,1,0,1
2019-08-01,config.py,2,1,1
2019-08-01,dbexport.py,7,4,3
2019-08-01,oneforall.py,77,50,27
2019-08-01,oneforall.py,44,30,14
2019-08-01,requirements.txt,0,0,0
2019-08-01,config.py,2,1,1
2019-08-01,module.py,2,1,1
2019-08-01,censys_api.py,2,1,1
2019-08-01,certdb_api.py,2,1,1
2019-08-01,certspotter.py,2,1,1
2019-08-01,crtsh.py,2,1,1
2019-08-01,entrust.py,2,1,1
2019-08-01,google.py,2,1,1
2019-08-01,axfr.py,2,1,1
2019-08-01,cdx.py,4,1,3
2019-08-01,cert.py,2,1,1
2019-08-01,csp.py,2,1,1
2019-08-01,robots.py,2,1,1
2019-08-01,sitemap.py,2,1,1
2019-08-01,archivecrawl.py,5,3,2
2019-08-01,commoncrawl.py,2,1,1
2019-08-01,binaryedge_api.py,2,1,1
2019-08-01,bufferover.py,2,1,1
2019-08-01,chinaz.py,2,1,1
2019-08-01,chinaz_api.py,2,1,1
2019-08-01,circl_api.py,2,1,1
2019-08-01,dnsdb.py,9,4,5
2019-08-01,dnsdb_api.py,2,1,1
2019-08-01,dnsdumpster.py,5,3,2
2019-08-01,hackertarget.py,2,1,1
2019-08-01,ipv4info.py,2,1,1
2019-08-01,netcraft.py,2,1,1
2019-08-01,ptrarchive.py,2,1,1
2019-08-01,riddler.py,2,1,1
2019-08-01,robtex.py,2,1,1
2019-08-01,securitytrails_api.py,2,1,1
2019-08-01,sitedossier.py,2,1,1
2019-08-01,srv.py,4,1,3
2019-08-01,riskiq_api.py,13,8,5
2019-08-01,threatbook_api.py,10,6,4
2019-08-01,threatminer.py,2,1,1
2019-08-01,virustotal.py,8,4,4
2019-08-01,virustotal_api.py,8,4,4
2019-08-01,ask.py,2,1,1
2019-08-01,baidu.py,3,1,2
2019-08-01,bing.py,3,1,2
2019-08-01,bing_api.py,6,3,3
2019-08-01,duckduckgo.py,3,1,2
2019-08-01,exalead.py,3,1,2
2019-08-01,fofa_api.py,2,1,1
2019-08-01,google.py,3,1,2
2019-08-01,google_api.py,3,1,2
2019-08-01,shodan_api.py,2,1,1
2019-08-01,so.py,3,1,2
2019-08-01,sogou.py,3,1,2
2019-08-01,yahoo.py,3,1,2
2019-08-01,yandex.py,3,1,2
2019-08-01,zoomeye_api.py,2,1,1
2019-08-01,axfr.py,65,37,28
2019-08-01,axfr.py,2,0,2
2019-08-01,cdx.py,2,0,2
2019-08-01,cert.py,3,1,2
2019-08-01,csp.py,3,1,2
2019-08-01,robots.py,5,1,4
2019-08-01,sitemap.py,5,1,4
2019-08-01,config.py,2,1,1
2019-08-01,certdb_api.py,2,1,1
2019-08-01,robots.py,2,1,1
2019-08-01,sitemap.py,2,1,1
2019-08-01,riskiq_api.py,2,1,1
2019-08-01,bing_api.py,2,1,1
2019-08-01,fofa_api.py,2,1,1
2019-08-01,shodan_api.py,2,1,1
2019-08-01,aiobrute.py,16,8,8
2019-08-01,collect.py,20,9,11
2019-08-01,database.py,283,143,140
2019-08-01,module.py,9,4,5
2019-08-01,dbexport.py,10,5,5
2019-08-01,oneforall.py,15,7,8
2019-08-01,README.md,2,1,1
2019-08-01,oneforall.py,2,1,1
2019-08-01,README.md,2,1,1
2019-08-01,collection_modules.md,14,8,6
2019-08-01,sitemap.py,80,80,0
2019-08-01,robots.py,67,67,0
2019-08-01,bug--.md,36,0,36
2019-08-01,--bug.md,35,35,0
2019-08-01,request.py,12,7,5
2019-08-01,cdx.py,4,2,2
2019-08-01,README.md,3,2,1
2019-08-01,requirements.txt,0,0,0
2019-08-01,resolve.py,16,13,3
2019-08-01,CHANGES.md,6,6,0
2019-08-01,README.md,2,1,1
2019-08-01,oneforall.py,4,2,2
2019-08-01,request.py,1,1,0
2019-08-01,.travis.yml,3,3,0
2019-08-01,request.py,61,31,30
2019-08-01,README.md,7,3,4
2019-08-01,README.md,18,10,8
2019-08-01,config.py,4,3,1
2019-08-01,config.py,1,1,0
2019-08-01,config.py,2,1,1
2019-08-01,zoomeye_api.py,2,1,1
2019-08-01,yahoo.py,1,0,1
2019-08-01,.travis.yml,35,22,13
2019-08-01,README.md,2,1,1
2019-08-01,README.md,2,1,1
2019-08-01,Pipfile,1,0,1
2019-08-01,Pipfile.lock,9,1,8
2019-08-01,request.py,3,2,1
2019-08-01,utils.py,22,16,6
2019-08-01,.travis.yml,3,1,2
2019-08-01,.travis.yml,4,4,0
2019-08-01,request.py,2,1,1
2019-08-01,module.py,99,74,25
2019-08-01,request.py,19,13,6
2019-08-01,aiobrute.py,1,0,1
2019-08-01,resolve.py,4,3,1
2019-08-01,search.py,9,6,3
2019-08-01,utils.py,6,4,2
2019-08-01,README.md,2,1,1
2019-08-01,subdomains.txt,30412,17476,12936
2019-08-01,aiobrute.py,3,2,1
2019-08-01,collect.py,17,12,5
2019-08-01,config.py,54,31,23
2019-08-01,certdb_api.py,14,9,5
2019-08-01,certspotter.py,7,4,3
2019-08-01,entrust.py,3,2,1
2019-08-01,google.py,9,6,3
2019-08-01,cdx.py,10,6,4
2019-08-01,archivecrawl.py,6,2,4
2019-08-01,commoncrawl.py,6,2,4
2019-08-01,binaryedge_api.py,1,0,1
2019-08-01,bufferover.py,5,2,3
2019-08-01,chinaz.py,1,0,1
2019-08-01,chinaz_api.py,4,2,2
2019-08-01,circl_api.py,4,2,2
2019-08-01,dnsdb.py,9,6,3
2019-08-01,dnsdb_api.py,4,2,2
2019-08-01,dnsdumpster.py,8,2,6
2019-08-01,hackertarget.py,5,2,3
2019-08-01,ipv4info.py,14,8,6
2019-08-01,netcraft.py,8,4,4
2019-08-01,ptrarchive.py,7,4,3
2019-08-01,riddler.py,4,2,2
2019-08-01,robtex.py,3,2,1
2019-08-01,securitytrails_api.py,9,4,5
2019-08-01,sitedossier.py,7,4,3
2019-08-01,riskiq_api.py,2,0,2
2019-08-01,threatminer.py,7,4,3
2019-08-01,virustotal.py,2,0,2
2019-08-01,virustotal_api.py,2,0,2
2019-08-01,ask.py,10,7,3
2019-08-01,baidu.py,25,17,8
2019-08-01,bing.py,21,13,8
2019-08-01,bing_api.py,13,9,4
2019-08-01,duckduckgo.py,13,9,4
2019-08-01,exalead.py,11,7,4
2019-08-01,fofa_api.py,6,3,3
2019-08-01,google.py,7,5,2
2019-08-01,google_api.py,10,7,3
2019-08-01,shodan_api.py,3,2,1
2019-08-01,so.py,17,11,6
2019-08-01,sogou.py,19,13,6
2019-08-01,yahoo.py,13,9,4
2019-08-01,yandex.py,16,11,5
2019-08-01,oneforall.py,6,4,2
2019-08-01,aiobrute.py,95,56,39
2019-08-01,config.py,11,7,4
2019-08-01,__init__.py,1,0,1
2019-08-01,censys_api.py,4,0,4
2019-08-01,certdb_api.py,2,0,2
2019-08-01,certspotter.py,2,0,2
2019-08-01,crtsh.py,2,0,2
2019-08-01,entrust.py,2,0,2
2019-08-01,google.py,2,0,2
2019-08-01,axfr.py,1,0,1
2019-08-01,cdx.py,1,0,1
2019-08-01,cert.py,1,0,1
2019-08-01,csp.py,1,0,1
2019-08-01,archivecrawl.py,2,0,2
2019-08-01,commoncrawl.py,2,0,2
2019-08-01,binaryedge_api.py,2,0,2
2019-08-01,bufferover.py,2,0,2
2019-08-01,chinaz.py,5,2,3
2019-08-01,chinaz_api.py,2,0,2
2019-08-01,circl_api.py,2,0,2
2019-08-01,dnsdb.py,3,0,3
2019-08-01,dnsdb_api.py,2,0,2
2019-08-01,dnsdumpster.py,2,0,2
2019-08-01,hackertarget.py,2,0,2
2019-08-01,ipv4info.py,2,0,2
2019-08-01,netcraft.py,1,0,1
2019-08-01,ptrarchive.py,1,0,1
2019-08-01,riddler.py,2,0,2
2019-08-01,robtex.py,1,0,1
2019-08-01,securitytrails_api.py,2,0,2
2019-08-01,sitedossier.py,1,0,1
2019-08-01,srv.py,1,0,1
2019-08-01,riskiq_api.py,2,0,2
2019-08-01,threatbook_api.py,3,0,3
2019-08-01,threatminer.py,1,0,1
2019-08-01,virustotal.py,1,0,1
2019-08-01,virustotal_api.py,2,0,2
2019-08-01,ask.py,2,0,2
2019-08-01,baidu.py,3,0,3
2019-08-01,bing.py,2,0,2
2019-08-01,bing_api.py,2,0,2
2019-08-01,duckduckgo.py,2,0,2
2019-08-01,exalead.py,2,0,2
2019-08-01,fofa_api.py,1,0,1
2019-08-01,google.py,2,0,2
2019-08-01,google_api.py,2,0,2
2019-08-01,shodan_api.py,3,0,3
2019-08-01,so.py,1,0,1
2019-08-01,sogou.py,2,0,2
2019-08-01,yahoo.py,2,0,2
2019-08-01,yandex.py,2,0,2
2019-08-01,zoomeye_api.py,1,0,1
2019-08-01,README.md,4,2,2
2019-08-01,collection_modules.md,71,36,35
2019-08-01,README.md,95,54,41
2019-08-01,aiobrute.py,2,2,0
2019-08-01,bug--.md,36,36,0
2019-08-01,config.py,4,2,2
2019-08-01,aiobrute.py,11,9,2
2019-08-01,config.py,2,2,0
2019-08-01,bug--.md,36,36,0
2019-08-01,aiobrute.py,2,1,1
2019-08-01,request.py,2,1,1
2019-08-01,aiobrute.py,8,4,4
2019-08-01,request.py,2,1,1
2019-08-01,robtex.py,1,0,1
2019-08-01,module.py,4,2,2
2019-08-01,README.md,2,1,1
2019-08-01,module.py,10,4,6
2019-08-01,aiobrute.py,20,9,11
2019-08-01,resolve.py,7,5,2
2019-08-01,aiobrute.py,2,2,0
2019-08-01,resolve.py,4,3,1
2019-08-01,README.md,5,3,2
2019-08-01,netcraft.py,6,5,1
2019-08-01,README.md,12,9,3
2019-08-01,database.py,2,1,1
2019-08-01,database.py,18,9,9
2019-08-01,collect.py,4,1,3
2019-08-01,module.py,11,11,0
2019-08-01,censys_api.py,19,8,11
2019-08-01,certdb_api.py,20,7,13
2019-08-01,certspotter.py,14,6,8
2019-08-01,crtsh.py,12,4,8
2019-08-01,entrust.py,12,4,8
2019-08-01,google.py,12,4,8
2019-08-01,axfr.py,13,4,9
2019-08-01,cdx.py,14,5,9
2019-08-01,cert.py,12,4,8
2019-08-01,csp.py,16,6,10
2019-08-01,archivecrawl.py,14,6,8
2019-08-01,commoncrawl.py,13,5,8
2019-08-01,binaryedge_api.py,19,7,12
2019-08-01,bufferover.py,15,7,8
2019-08-01,chinaz.py,13,5,8
2019-08-01,chinaz_api.py,19,7,12
2019-08-01,circl_api.py,25,12,13
2019-08-01,dnsdb.py,14,6,8
2019-08-01,dnsdb_api.py,22,9,13
2019-08-01,dnsdumpster.py,14,6,8
2019-08-01,hackertarget.py,14,6,8
2019-08-01,ipv4info.py,14,6,8
2019-08-01,netcraft.py,14,6,8
2019-08-01,ptrarchive.py,13,5,8
2019-08-01,riddler.py,13,5,8
2019-08-01,robtex.py,13,5,8
2019-08-01,securitytrails_api.py,20,8,12
2019-08-01,sitedossier.py,13,5,8
2019-08-01,srv.py,14,6,8
2019-08-01,riskiq_api.py,23,9,14
2019-08-01,threatminer.py,13,5,8
2019-08-01,virustotal.py,14,6,8
2019-08-01,virustotal_api.py,19,7,12
2019-08-01,ask.py,21,7,14
2019-08-01,baidu.py,21,9,12
2019-08-01,bing.py,19,8,11
2019-08-01,bing_api.py,23,8,15
2019-08-01,duckduckgo.py,18,8,10
2019-08-01,exalead.py,21,9,12
2019-08-01,fofa_api.py,21,8,13
2019-08-01,google.py,20,8,12
2019-08-01,google_api.py,23,8,15
2019-08-01,shodan_api.py,23,7,16
2019-08-01,so.py,18,7,11
2019-08-01,sogou.py,17,6,11
2019-08-01,yahoo.py,19,8,11
2019-08-01,yandex.py,23,11,12
2019-08-01,zoomeye_api.py,23,7,16
2019-08-01,threatbook_api.py,116,55,61
2019-08-01,riskiq_api.py,123,64,59
2019-08-01,fofa_api.py,138,70,68
2019-08-01,README.md,2,1,1
2019-08-01,README.md,3,3,0
2019-08-01,building_fail_solution.md,13,13,0
2019-08-01,config.py,4,2,2
2019-08-01,cdx.py,16,11,5
2019-08-01,csp.py,17,12,5
2019-08-01,.gitignore,238,238,0
2019-08-01,module.py,4,2,2
2019-08-01,README.md,7,0,7
2019-08-01,CHANGES.md,11,11,0
2019-08-01,README.md,21,18,3
2019-08-01,.travis.yml,2,1,1
2019-08-01,__init__.py,1,0,1
2019-08-01,example.py,4,2,2
2019-08-01,.travis.yml,24,24,0
2019-08-01,test_example.py,11,11,0
2019-08-01,usage_example.svg,154,154,0
2019-08-01,README.md,2,1,1
2019-08-01,useage_example.svg,307,0,307
2019-08-01,README.md,262,133,129
2019-08-01,useage_example.svg,307,307,0
2019-08-01,oneforall.py,4,2,2
2019-08-01,oneforall.py,16,14,2
2019-08-01,config.py,2,1,1
2019-08-01,aiobrute.py,4,2,2
2019-08-01,axfr.py,7,3,4
2019-08-01,module.py,4,2,2
2019-08-01,axfr.py,8,3,5
2019-08-01,cdx.py,6,2,4
2019-08-01,cert.py,7,2,5
2019-08-01,csp.py,11,3,8
2019-08-01,srv.py,6,2,4
2019-08-01,config.py,2,1,1
2019-08-01,oneforall.py,4,2,2
2019-08-01,aiobrute.py,22,11,11
2019-08-01,collect.py,2,2,0
2019-08-01,module.py,21,20,1
2019-08-01,config.py,10,7,3
2019-08-01,dbexport.py,4,3,1
2019-08-01,censys_api.py,16,5,11
2019-08-01,certdb_api.py,13,4,9
2019-08-01,certspotter.py,17,6,11
2019-08-01,crtsh.py,17,6,11
2019-08-01,entrust.py,17,6,11
2019-08-01,google.py,17,6,11
2019-08-01,axfr.py,16,8,8
2019-08-01,cdx.py,15,8,7
2019-08-01,cert.py,13,6,7
2019-08-01,csp.py,11,6,5
2019-08-01,archivecrawl.py,13,4,9
2019-08-01,commoncrawl.py,17,7,10
2019-08-01,binaryedge_api.py,11,3,8
2019-08-01,bufferover.py,12,3,9
2019-08-01,chinaz.py,15,5,10
2019-08-01,chinaz_api.py,11,3,8
2019-08-01,circl_api.py,12,3,9
2019-08-01,dnsdb.py,16,6,10
2019-08-01,dnsdb_api.py,11,3,8
2019-08-01,dnsdumpster.py,18,7,11
2019-08-01,hackertarget.py,16,5,11
2019-08-01,ipv4info.py,14,4,10
2019-08-01,netcraft.py,17,6,11
2019-08-01,ptrarchive.py,16,5,11
2019-08-01,riddler.py,15,5,10
2019-08-01,robtex.py,17,6,11
2019-08-01,securitytrails_api.py,11,3,8
2019-08-01,sitedossier.py,15,5,10
2019-08-01,srv.py,18,9,9
2019-08-01,riskiq.py,15,4,11
2019-08-01,threatbook.py,13,4,9
2019-08-01,threatminer.py,15,5,10
2019-08-01,virustotal.py,16,5,11
2019-08-01,virustotal_api.py,14,4,10
2019-08-01,ask.py,9,3,6
2019-08-01,baidu.py,9,3,6
2019-08-01,bing.py,9,3,6
2019-08-01,bing_api.py,9,3,6
2019-08-01,duckduckgo.py,9,3,6
2019-08-01,exalead.py,9,3,6
2019-08-01,fofa.py,15,6,9
2019-08-01,google.py,11,4,7
2019-08-01,google_api.py,9,3,6
2019-08-01,shodan_api.py,10,3,7
2019-08-01,so.py,9,3,6
2019-08-01,sogou.py,11,4,7
2019-08-01,yahoo.py,9,3,6
2019-08-01,yandex.py,9,3,6
2019-08-01,zoomeye_api.py,9,3,6
2019-08-01,oneforall.py,6,2,4
2019-08-01,collection_modules.md,1,1,0
2019-08-01,yahoo.py,4,2,2
2019-08-01,aiobrute.py,16,8,8
2019-08-01,request.py,2,1,1
2019-08-01,search.py,2,1,1
2019-08-01,config.py,14,7,7
2019-08-01,dbexport.py,10,5,5
2019-08-01,axfr.py,4,2,2
2019-08-01,oneforall.py,12,6,6
2019-08-01,README.md,1,0,1
2019-08-01,All_Might.jpg,0,0,0
2019-08-01,All_Might_2.jpg,0,0,0
2019-08-01,config.py,1,0,1
2019-08-01,general.txt,104008,0,104008
2019-08-01,config.py,2,1,1
2019-08-01,aiobrute.py,25,17,8
2019-08-01,dbexport.py,28,18,10
2019-08-01,oneforall.py,37,17,20
2019-08-01,collection_modules.md,162,89,73
2019-08-01,Pipfile,3,1,2
2019-08-01,Pipfile.lock,41,3,38
2019-08-01,requirements.txt,0,0,0
2019-08-01,README.md,2,1,1
2019-08-01,README.md,2,1,1
2019-08-01,README.md,7,0,7
2019-08-01,CHANGES.md,18,9,9
2019-08-01,CONTRIBUTORS.md,8,6,2
2019-08-01,aiobrute.py,6,3,3
2019-08-01,requirements.txt,0,0,0
2019-08-01,README.md,327,323,4
2019-08-01,collection_modules.md,85,85,0
2019-08-01,All_Might.jpg,0,0,0
2019-08-01,All_Might_2.jpg,0,0,0
2019-08-01,requirements.txt,0,0,0
2019-08-01,CHANGES.md,6,3,3
2019-08-01,CHANGES.md,18,18,0
2019-08-01,CODE_OF_CONDUCT.md,127,51,76
2019-08-01,CONTRIBUTING.md,43,42,1
2019-08-01,CONTRIBUTORS.md,7,7,0
2019-08-01,LICENSE,1348,674,674
2019-08-01,Pipfile,28,28,0
2019-08-01,Pipfile.lock,532,532,0
2019-08-01,TODO.md,9,9,0
2019-08-01,__init__.py,1,1,0
2019-08-01,aiobrute.py,275,275,0
2019-08-01,collect.py,92,92,0
2019-08-01,__init__.py,1,1,0
2019-08-01,crawl.py,10,10,0
2019-08-01,database.py,170,170,0
2019-08-01,domain.py,64,64,0
2019-08-01,module.py,191,191,0
2019-08-01,query.py,10,10,0
2019-08-01,request.py,115,115,0
2019-08-01,resolve.py,88,88,0
2019-08-01,search.py,50,50,0
2019-08-01,utils.py,130,130,0
2019-08-01,config.py,181,181,0
2019-08-01,general.txt,104008,104008,0
2019-08-01,next_subdomains.txt,163,163,0
2019-08-01,public_suffix_list.dat,1,1,0
2019-08-01,srv_names.json,102,102,0
2019-08-01,subdomains.txt,18500,18500,0
2019-08-01,dbexport.py,53,53,0
2019-08-01,domains.txt,1,1,0
2019-08-01,__init__.py,1,1,0
2019-08-01,censys_api.py,87,87,0
2019-08-01,certdb_api.py,74,74,0
2019-08-01,certspotter.py,62,62,0
2019-08-01,crtsh.py,62,62,0
2019-08-01,entrust.py,62,62,0
2019-08-01,google.py,62,62,0
2019-08-01,axfr.py,98,98,0
2019-08-01,cdx.py,64,64,0
2019-08-01,cert.py,70,70,0
2019-08-01,csp.py,75,75,0
2019-08-01,archivecrawl.py,71,71,0
2019-08-01,commoncrawl.py,71,71,0
2019-08-01,binaryedge_api.py,68,68,0
2019-08-01,bufferover.py,61,61,0
2019-08-01,chinaz.py,61,61,0
2019-08-01,chinaz_api.py,67,67,0
2019-08-01,circl_api.py,64,64,0
2019-08-01,dnsdb.py,76,76,0
2019-08-01,dnsdb_api.py,70,70,0
2019-08-01,dnsdumpster.py,71,71,0
2019-08-01,hackertarget.py,63,63,0
2019-08-01,ipv4info.py,75,75,0
2019-08-01,netcraft.py,86,86,0
2019-08-01,ptrarchive.py,65,65,0
2019-08-01,riddler.py,61,61,0
2019-08-01,robtex.py,72,72,0
2019-08-01,securitytrails_api.py,71,71,0
2019-08-01,sitedossier.py,70,70,0
2019-08-01,srv.py,102,102,0
2019-08-01,riskiq.py,66,66,0
2019-08-01,threatbook.py,66,66,0
2019-08-01,threatminer.py,61,61,0
2019-08-01,virustotal.py,85,85,0
2019-08-01,virustotal_api.py,68,68,0
2019-08-01,ask.py,89,89,0
2019-08-01,baidu.py,110,110,0
2019-08-01,bing.py,96,96,0
2019-08-01,bing_api.py,98,98,0
2019-08-01,duckduckgo.py,93,93,0
2019-08-01,exalead.py,93,93,0
2019-08-01,fofa.py,71,71,0
2019-08-01,google.py,101,101,0
2019-08-01,google_api.py,97,97,0
2019-08-01,shodan_api.py,73,73,0
2019-08-01,so.py,91,91,0
2019-08-01,sogou.py,89,89,0
2019-08-01,yahoo.py,97,97,0
2019-08-01,yandex.py,93,93,0
2019-08-01,zoomeye_api.py,97,97,0
2019-08-01,oneforall.py,98,98,0
2019-08-01,requirements.txt,0,0,0
2019-08-01,requirements.txt,0,0,0
2019-01-01,README.md,1,1,0
2019-01-01,PULL_REQUEST_TEMPLATE.md,1,1,0
2019-01-01,bug_report.md,38,38,0
2019-01-01,custom.md,10,10,0
2019-01-01,feature_request.md,20,20,0
2019-01-01,LICENSE,674,674,0
2019-01-01,CONTRIBUTING.md,1,1,0
2019-01-01,CODE_OF_CONDUCT.md,76,76,0
2018-12-01,README.md,4,3,1
2018-12-01,README.md,2,2,0
