Date,Filename,Total,Additions,Deletions
2020-01-01,README.md,2,1,1
2019-11-01,README.md,2,1,1
2019-11-01,from_darknet_weights_to_ckpt.py,6,3,3
2019-11-01,from_darknet_weights_to_ckpt.py,75,75,0
2019-11-01,from_darknet_weights_to_pb.py,26,26,0
2019-11-01,common.py,6,2,4
2019-11-01,from_darknet_weights_to_ckpt.py,75,75,0
2019-11-01,from_darknet_weights_to_ckpt.py,74,0,74
2019-11-01,from_darknet_weights_to_pb.py,26,26,0
2019-11-01,from_darknet_weights_to_ckpt.py,0,0,0
2019-11-01,from_darknet_weights_to_ckpt,74,74,0
2019-11-01,README.md,4,2,2
2019-11-01,README.md,2,1,1
2019-11-01,README.md,2,1,1
2019-11-01,README.md,2,1,1
2019-11-01,README.md,3,1,2
2019-11-01,README.md,4,2,2
2019-11-01,README.md,41,12,29
2019-11-01,README.md,3,1,2
2019-11-01,README.md,20,5,15
2019-11-01,README.md,5,5,0
2019-11-01,README.md,6,5,1
2019-11-01,README.md,13,11,2
2019-11-01,README.md,6,5,1
2019-10-01,FUNDING.yml,12,12,0
2019-10-01,common.py,2,0,2
2019-10-01,common.py,4,4,0
2019-10-01,README.md,2,1,1
2019-10-01,README.md,2,1,1
2019-10-01,README.md,2,1,1
2019-10-01,README.md,2,1,1
2019-10-01,README.md,2,1,1
2019-10-01,README.md,2,2,0
2019-10-01,README.md,8,4,4
2019-10-01,README.md,1,1,0
2019-10-01,README.md,2,1,1
2019-10-01,README.md,2,1,1
2019-10-01,README.md,55,1,54
2019-10-01,K-means.png,0,0,0
2019-10-01,darknet53.png,0,0,0
2019-10-01,iou.png,0,0,0
2019-10-01,levio.jpeg,0,0,0
2019-10-01,probability_extraction.png,0,0,0
2019-10-01,yolov3.png,0,0,0
2019-09-01,README.md,2,1,1
2019-09-01,dataset.py,2,1,1
2019-09-01,FUNDING.yml,12,0,12
2019-09-01,FUNDING.yml,12,12,0
2019-08-01,README.md,2,1,1
2019-08-01,README.md,2,1,1
2019-08-01,README.md,2,1,1
2019-08-01,README.md,2,1,1
2019-08-01,README.md,2,1,1
2019-08-01,README.md,2,1,1
2019-08-01,README.md,2,2,0
2019-08-01,README.md,2,1,1
2019-08-01,README.md,2,1,1
2019-08-01,README.md,2,1,1
2019-07-01,README.md,2,1,1
2019-07-01,README.md,2,1,1
2019-07-01,image_demo.py,1,1,0
2019-07-01,video_demo.py,1,1,0
2019-07-01,video_demo.py,1,0,1
2019-07-01,image_demo.py,1,0,1
2019-07-01,README.md,2,1,1
2019-07-01,README.md,2,1,1
2019-07-01,README.md,3,1,2
2019-07-01,config.py,4,2,2
2019-07-01,README.md,2,1,1
2019-07-01,README.md,2,1,1
2019-07-01,README.md,3,3,0
2019-06-01,LICENSE.fuck,6,3,3
2019-06-01,LICENSE.fuck,13,13,0
2019-06-01,README.md,2,1,1
2019-06-01,README.md,2,1,1
2019-06-01,utils.py,2,1,1
2019-05-01,show_bboxes.py,32,32,0
2019-05-01,config.py,2,1,1
2019-05-01,config.py,10,5,5
2019-05-01,dataset.py,1,0,1
2019-05-01,__init__.cpython-35.pyc,0,0,0
2019-05-01,backbone.cpython-35.pyc,0,0,0
2019-05-01,common.cpython-35.pyc,0,0,0
2019-05-01,config.cpython-35.pyc,0,0,0
2019-05-01,dataset.cpython-35.pyc,0,0,0
2019-05-01,utils.cpython-35.pyc,0,0,0
2019-05-01,yolov3.cpython-35.pyc,0,0,0
2019-05-01,events.out.tfevents.1558402325.yang,0,0,0
2019-05-01,checkpoint,7,2,5
2019-05-01,__init__.cpython-35.pyc,0,0,0
2019-05-01,backbone.cpython-35.pyc,0,0,0
2019-05-01,common.cpython-35.pyc,0,0,0
2019-05-01,config.cpython-35.pyc,0,0,0
2019-05-01,dataset.cpython-35.pyc,0,0,0
2019-05-01,utils.cpython-35.pyc,0,0,0
2019-05-01,yolov3.cpython-35.pyc,0,0,0
2019-05-01,dataset.py,2,2,0
2019-05-01,events.out.tfevents.1558402325.yang,0,0,0
2019-05-01,README.md,2,1,1
2019-05-01,README.md,2,1,1
2019-05-01,config.py,2,1,1
2019-05-01,README.md,6,4,2
2019-05-01,convert_weight.py,8,5,3
2019-05-01,README.md,6,4,2
2019-05-01,__init__.cpython-35.pyc,0,0,0
2019-05-01,backbone.cpython-35.pyc,0,0,0
2019-05-01,common.cpython-35.pyc,0,0,0
2019-05-01,config.cpython-35.pyc,0,0,0
2019-05-01,dataset.cpython-35.pyc,0,0,0
2019-05-01,utils.cpython-35.pyc,0,0,0
2019-05-01,yolov3.cpython-35.pyc,0,0,0
2019-05-01,README.md,13,11,2
2019-05-01,checkpoint,16,5,11
2019-05-01,convert_weight.py,9,8,1
2019-05-01,__init__.cpython-35.pyc,0,0,0
2019-05-01,backbone.cpython-35.pyc,0,0,0
2019-05-01,common.cpython-35.pyc,0,0,0
2019-05-01,config.cpython-35.pyc,0,0,0
2019-05-01,dataset.cpython-35.pyc,0,0,0
2019-05-01,utils.cpython-35.pyc,0,0,0
2019-05-01,yolov3.cpython-35.pyc,0,0,0
2019-05-01,config.py,6,4,2
2019-05-01,events.out.tfevents.1558310744.yang,0,0,0
2019-05-01,train.py,47,38,9
2019-05-01,README.md,5,3,2
2019-05-01,__init__.cpython-35.pyc,0,0,0
2019-05-01,backbone.cpython-35.pyc,0,0,0
2019-05-01,common.cpython-35.pyc,0,0,0
2019-05-01,config.cpython-35.pyc,0,0,0
2019-05-01,dataset.cpython-35.pyc,0,0,0
2019-05-01,utils.cpython-35.pyc,0,0,0
2019-05-01,yolov3.cpython-35.pyc,0,0,0
2019-05-01,voc_test.txt,4933,0,4933
2019-05-01,voc_train.txt,16531,0,16531
2019-05-01,train.py,9,4,5
2019-05-01,README.md,4,2,2
2019-05-01,README.md,6,3,3
2019-05-01,README.md,2,1,1
2019-05-01,README.md,2,1,1
2019-05-01,README.md,5,4,1
2019-05-01,README.md,5,3,2
2019-05-01,config.py,2,1,1
2019-05-01,README.md,4,2,2
2019-05-01,README.md,3,2,1
2019-05-01,README.md,3,1,2
2019-05-01,README.md,7,5,2
2019-05-01,README.md,8,3,5
2019-05-01,LICENSE,2,1,1
2019-05-01,README.md,81,42,39
2019-05-01,.DS_Store,0,0,0
2019-05-01,checkpoint,14,11,3
2019-05-01,convert_weight.py,192,70,122
2019-05-01,__init__.py,0,0,0
2019-05-01,__init__.cpython-35.pyc,0,0,0
2019-05-01,backbone.cpython-35.pyc,0,0,0
2019-05-01,common.cpython-35.pyc,0,0,0
2019-05-01,config.cpython-35.pyc,0,0,0
2019-05-01,dataset.cpython-35.pyc,0,0,0
2019-05-01,utils.cpython-35.pyc,0,0,0
2019-05-01,yolo_v3.cpython-35.pyc,0,0,0
2019-05-01,yolov3.cpython-35.pyc,0,0,0
2019-05-01,backbone.py,59,59,0
2019-05-01,common.py,115,79,36
2019-05-01,config.py,69,69,0
2019-05-01,convert_tfrecord.py,60,0,60
2019-05-01,dataset.py,427,233,194
2019-05-01,utils.py,453,135,318
2019-05-01,yolov3.py,527,199,328
2019-05-01,basline_anchors.txt,1,1,0
2019-05-01,coco_anchors.txt,1,1,0
2019-05-01,coco.names,0,0,0
2019-05-01,voc.names,0,0,0
2019-05-01,coco_anchors.txt,1,0,1
2019-05-01,voc_test.txt,4952,4952,0
2019-05-01,voc_train.txt,16551,16551,0
2019-05-01,611.jpg,0,0,0
2019-05-01,car.jpg,0,0,0
2019-05-01,dog.jpg,0,0,0
2019-05-01,FiraMono-Medium.otf,0,0,0
2019-05-01,SIL Open Font License.txt,45,0,45
2019-05-01,raccoon.names,1,0,1
2019-05-01,raccoon_anchors.txt,1,0,1
2019-05-01,rbc.names,1,0,1
2019-05-01,vehicle.names,1,0,1
2019-05-01,voc_anchors.txt,1,0,1
2019-05-01,raccoon1.jpg,0,0,0
2019-05-01,raccoon2.jpg,0,0,0
2019-05-01,road.jpeg,0,0,0
2019-05-01,road.mp4,0,0,0
2019-05-01,evaluate.py,275,150,125
2019-05-01,freeze_graph.py,41,41,0
2019-05-01,image_demo.py,53,53,0
2019-05-01,kmeans.py,140,0,140
2019-05-01,__init__.py,0,0,0
2019-05-01,README.md,99,99,0
2019-05-01,class_list.txt,48,48,0
2019-05-01,convert_gt_xml.py,37,37,0
2019-05-01,convert_gt_yolo.py,84,84,0
2019-05-01,convert_keras-yolo3.py,88,88,0
2019-05-01,convert_pred_darkflow_json.py,37,37,0
2019-05-01,convert_pred_yolo.py,36,36,0
2019-05-01,find_class.py,37,37,0
2019-05-01,intersect-gt-and-pred.py,58,58,0
2019-05-01,remove_class.py,82,82,0
2019-05-01,remove_delimiter_char.py,62,62,0
2019-05-01,remove_space.py,96,96,0
2019-05-01,rename_class.py,93,93,0
2019-05-01,result.txt,13,13,0
2019-05-01,main.py,772,772,0
2019-05-01,nms_demo.py,53,0,53
2019-05-01,quick_test.py,34,0,34
2019-05-01,quick_train.py,100,0,100
2019-05-01,extract_coco.py,73,0,73
2019-05-01,extract_voc.py,60,0,60
2019-05-01,make_raccoon_tfrecords.sh,5,0,5
2019-05-01,make_rbc_tfrecords.sh,18,0,18
2019-05-01,make_voc_tfrecords.sh,19,0,19
2019-05-01,voc_annotation.py,54,54,0
2019-05-01,show_input_image.py,52,0,52
2019-05-01,train.py,160,160,0
2019-05-01,video_demo.py,50,30,20
2019-04-01,quick_train.py,5,4,1
2019-04-01,quick_train.py,5,4,1
2019-03-01,Box-Clustering.ipynb,2,1,1
2019-03-01,Box-Clustering.ipynb,2,1,1
2019-03-01,quick_train.py,4,2,2
2019-03-01,quick_train.py,18,9,9
2019-02-01,README.md,2,1,1
2019-02-01,dataset.py,18,10,8
2019-02-01,quick_train.py,3,2,1
2019-02-01,quick_test.py,2,1,1
2019-02-01,dataset.py,70,67,3
2019-02-01,README.md,2,1,1
2019-02-01,README.md,8,4,4
2019-02-01,README.md,3,2,1
2019-02-01,README.md,2,1,1
2019-02-01,README.md,4,1,3
2019-01-01,README.md,2,1,1
2019-01-01,README.md,2,1,1
2019-01-01,README.md,3,1,2
2019-01-01,README.md,2,1,1
2019-01-01,red_blood_cell_dataset,1,0,1
2019-01-01,rbc.names,1,1,0
2019-01-01,red_blood_cell_dataset,1,1,0
2019-01-01,make_rbc_tfrecords.sh,18,18,0
2019-01-01,README.md,2,1,1
2019-01-01,README.md,4,4,0
2019-01-01,raccoon1.jpg,0,0,0
2019-01-01,raccoon2.jpg,0,0,0
2019-01-01,raccoon3.jpg,0,0,0
2019-01-01,raccoon1.jpg,0,0,0
2019-01-01,raccoon2.jpg,0,0,0
2019-01-01,raccoon3.jpg,0,0,0
2019-01-01,quick_test.py,4,2,2
2019-01-01,evaluate.py,2,1,1
2019-01-01,README.md,2,1,1
2019-01-01,README.md,1,1,0
2019-01-01,README.md,2,1,1
2019-01-01,README.md,11,6,5
2019-01-01,common.cpython-35.pyc,0,0,0
2019-01-01,dataset.cpython-35.pyc,0,0,0
2019-01-01,utils.cpython-35.pyc,0,0,0
2019-01-01,yolov3.cpython-35.pyc,0,0,0
2019-01-01,raccoon_anchors.txt,2,1,1
2019-01-01,levio.jpeg,0,0,0
2019-01-01,mxnet-yolov3.png,0,0,0
2019-01-01,result.jpg,0,0,0
2019-01-01,yolov2_loss.png,0,0,0
2019-01-01,yolov3,0,0,0
2019-01-01,evaluate.py,8,4,4
2019-01-01,kmeans.py,2,1,1
2019-01-01,nms_demo.py,3,1,2
2019-01-01,quick_test.py,13,4,9
2019-01-01,show_input_image.py,6,3,3
2019-01-01,README.md,3,2,1
2019-01-01,README.md,4,2,2
2019-01-01,README.md,5,4,1
2019-01-01,README.md,36,2,34
2019-01-01,README.md,2,1,1
2019-01-01,evaluate.py,16,10,6
2019-01-01,quick_train.py,2,1,1
2019-01-01,quick_train.py,16,10,6
2019-01-01,video_demo.py,2,2,0
2019-01-01,show_input_image.py,4,2,2
2019-01-01,show_input_image.py,8,4,4
2019-01-01,evaluate.py,6,1,5
2019-01-01,quick_train.py,2,1,1
2019-01-01,evaluate.py,2,1,1
2019-01-01,utils.py,6,0,6
2019-01-01,evaluate.py,4,4,0
2019-01-01,kmeans.py,1,0,1
2019-01-01,quick_train.py,2,1,1
2019-01-01,README.md,6,6,0
2019-01-01,checkpoint,5,3,2
2019-01-01,convert_weight.py,2,1,1
2019-01-01,common.cpython-35.pyc,0,0,0
2019-01-01,dataset.cpython-35.pyc,0,0,0
2019-01-01,utils.cpython-35.pyc,0,0,0
2019-01-01,yolov3.cpython-35.pyc,0,0,0
2019-01-01,utils.py,31,17,14
2019-01-01,coco_anchors.txt,2,1,1
2019-01-01,raccoon_anchors.txt,2,1,1
2019-01-01,voc_anchors.txt,2,1,1
2019-01-01,mxnet-yolov3.png,0,0,0
2019-01-01,requirements.txt,1,1,0
2019-01-01,evaluate.py,10,5,5
2019-01-01,kmeans.py,129,126,3
2019-01-01,quick_test.py,4,2,2
2019-01-01,quick_train.py,8,4,4
2019-01-01,convert_pb.sh,1,0,1
2019-01-01,extract_voc.py,5,3,2
2019-01-01,evaluate.py,3,2,1
2019-01-01,quick_train.py,2,1,1
2019-01-01,quick_train.py,2,1,1
2019-01-01,video_demo.py,6,3,3
2019-01-01,nms_demo.py,8,4,4
2019-01-01,convert_weight.py,19,12,7
2019-01-01,checkpoint,5,2,3
2019-01-01,common.cpython-35.pyc,0,0,0
2019-01-01,dataset.cpython-35.pyc,0,0,0
2019-01-01,utils.cpython-35.pyc,0,0,0
2019-01-01,yolov3.cpython-35.pyc,0,0,0
2019-01-01,dataset.py,1,1,0
2019-01-01,utils.py,28,26,2
2019-01-01,evaluate.py,91,75,16
2019-01-01,show_input_image.py,12,5,7
2019-01-01,dataset.py,7,5,2
2019-01-01,yolov3.py,6,3,3
2019-01-01,evaluate.py,64,62,2
2019-01-01,kmeans.py,18,18,0
2019-01-01,convert_tfrecord.py,39,16,23
2019-01-01,evaluate.py,17,17,0
2019-01-01,quick_train.py,5,3,2
2019-01-01,test.py,148,0,148
2019-01-01,train.py,37,0,37
2019-01-01,quick_test.py,3,1,2
2019-01-01,README.md,2,1,1
2019-01-01,README.md,2,1,1
2019-01-01,README.md,2,1,1
2019-01-01,train.py,59,0,59
2019-01-01,quick_train.py,2,1,1
2019-01-01,README.md,3,1,2
2019-01-01,README.md,1,1,0
2019-01-01,quick_test.py,2,1,1
2019-01-01,quick_train.py,4,2,2
2019-01-01,README.md,1,0,1
2019-01-01,checkpoint,5,3,2
2019-01-01,dataset.cpython-35.pyc,0,0,0
2019-01-01,vehicle.names,1,1,0
2019-01-01,quick_test.py,2,1,1
2019-01-01,quick_train.py,49,23,26
2019-01-01,show_input_image.py,8,4,4
2019-01-01,train.py,2,1,1
2019-01-01,make_raccoon_tfrecords.sh,2,1,1
2019-01-01,checkpoint,4,2,2
2019-01-01,dataset.cpython-35.pyc,0,0,0
2019-01-01,utils.cpython-35.pyc,0,0,0
2019-01-01,yolov3.cpython-35.pyc,0,0,0
2019-01-01,dataset.py,2,1,1
2019-01-01,yolov3.py,10,5,5
2019-01-01,raccoon_anchors.txt,2,1,1
2019-01-01,events.out.tfevents.1548175135.yuhy,0,0,0
2019-01-01,events.out.tfevents.1548208095.yuhy,0,0,0
2019-01-01,quick_test.py,40,40,0
2019-01-01,quick_train.py,82,53,29
2019-01-01,convert_pb.sh,1,1,0
2019-01-01,make_raccoon_tfrecords.sh,7,5,2
2019-01-01,test.py,128,107,21
2019-01-01,common.cpython-35.pyc,0,0,0
2019-01-01,dataset.cpython-35.pyc,0,0,0
2019-01-01,utils.cpython-35.pyc,0,0,0
2019-01-01,yolov3.cpython-35.pyc,0,0,0
2019-01-01,dataset.py,6,3,3
2019-01-01,utils.py,116,0,116
2019-01-01,events.out.tfevents.1548175135.yuhy,0,0,0
2019-01-01,events.out.tfevents.1548208095.yuhy,0,0,0
2019-01-01,utils.py,10,5,5
2019-01-01,utils.py,6,3,3
2019-01-01,utils.py,19,11,8
2019-01-01,train.py,49,30,19
2019-01-01,convert_weight.py,5,3,2
2019-01-01,make_voc_tfrecords.sh,2,1,1
2019-01-01,README.md,2,1,1
2019-01-01,README.md,5,3,2
2019-01-01,dataset.cpython-35.pyc,0,0,0
2019-01-01,utils.cpython-35.pyc,0,0,0
2019-01-01,extract_voc.py,123,34,89
2019-01-01,make_voc_tfrecords.sh,10,6,4
2019-01-01,show_input_image.py,6,3,3
2019-01-01,test.py,44,22,22
2019-01-01,convert_weight.py,3,2,1
2019-01-01,train.py,8,4,4
2019-01-01,yolov3.cpython-35.pyc,0,0,0
2019-01-01,coco_anchors.txt,0,0,0
2019-01-01,train2017.txt,0,0,0
2019-01-01,voc_anchors.txt,1,1,0
2019-01-01,show_input_image.py,54,54,0
2019-01-01,yolov3.py,11,5,6
2019-01-01,quick_train.py,30,15,15
2019-01-01,train.py,39,17,22
2019-01-01,README.md,49,37,12
2019-01-01,voc_test.txt,5138,0,5138
2019-01-01,voc_train.txt,17125,0,17125
2019-01-01,README.md,10,6,4
2019-01-01,common.cpython-35.pyc,0,0,0
2019-01-01,dataset.cpython-35.pyc,0,0,0
2019-01-01,utils.cpython-35.pyc,0,0,0
2019-01-01,yolov3.cpython-35.pyc,0,0,0
2019-01-01,quick_train.py,70,70,0
2019-01-01,extract_voc.py,21,14,7
2019-01-01,make_voc_tfrecords.sh,7,4,3
2019-01-01,voc_test.txt,5138,5138,0
2019-01-01,voc_train.txt,17125,17125,0
2019-01-01,train.py,33,21,12
2019-01-01,README.md,12,11,1
2019-01-01,extract_kangaroo.py,97,0,97
2019-01-01,extract_voc.py,56,0,56
2019-01-01,extract_voc.py,107,107,0
2019-01-01,make_voc_tfrecords.sh,16,16,0
2019-01-01,README.md,2,1,1
2019-01-01,README.md,2,1,1
2019-01-01,README.md,2,1,1
2019-01-01,README.md,2,2,0
2019-01-01,README.md,2,1,1
2019-01-01,README.md,7,4,3
2019-01-01,README.md,2,1,1
2019-01-01,yolov3.py,4,2,2
2019-01-01,dataset.py,8,4,4
2019-01-01,README.md,2,1,1
2019-01-01,README.md,2,1,1
2019-01-01,convert_weight.py,10,8,2
2019-01-01,convert_weight.py,29,14,15
2019-01-01,README.md,2,1,1
2019-01-01,README.md,1,1,0
2019-01-01,make_raccoon_tfrecords.sh,2,1,1
2019-01-01,train.py,4,2,2
2019-01-01,README.md,2,1,1
2019-01-01,README.md,23,14,9
2019-01-01,train2017.txt,0,0,0
2019-01-01,extract_coco.py,4,2,2
2019-01-01,make_raccoon_tfrecords.sh,1,1,0
2019-01-01,yolov3.cpython-35.pyc,0,0,0
2019-01-01,make_raccoon_tfrecords.sh,1,1,0
2019-01-01,raccoon_dataset,1,0,1
2019-01-01,test.py,9,5,4
2019-01-01,README.md,6,1,5
2019-01-01,events.out.tfevents.1547912202.yang-TM1604,0,0,0
2019-01-01,Box-Clustering-checkpoint.ipynb,538,0,538
2019-01-01,checkpoint,4,2,2
2019-01-01,dataset.cpython-35.pyc,0,0,0
2019-01-01,utils.cpython-35.pyc,0,0,0
2019-01-01,convert_tfrecord.py,21,15,6
2019-01-01,dataset.py,151,151,0
2019-01-01,utils.py,49,15,34
2019-01-01,yolov3.py,4,2,2
2019-01-01,raccoon.names,1,1,0
2019-01-01,raccoon_anchors.txt,1,1,0
2019-01-01,events.out.tfevents.1547912202.yang-TM1604,0,0,0
2019-01-01,Box-Clustering.ipynb,0,0,0
2019-01-01,quick_train.py,65,0,65
2019-01-01,raccoon_dataset,1,1,0
2019-01-01,test.py,56,32,24
2019-01-01,train.py,28,11,17
2019-01-01,checkpoint,4,2,2
2019-01-01,utils.cpython-35.pyc,0,0,0
2019-01-01,yolov3.cpython-35.pyc,0,0,0
2019-01-01,utils.py,12,6,6
2019-01-01,yolov3.py,27,11,16
2019-01-01,voc.names,20,20,0
2019-01-01,train.py,4,2,2
2019-01-01,README.md,6,5,1
2019-01-01,K-means.png,0,0,0
2019-01-01,Box-Clustering-checkpoint.ipynb,538,538,0
2019-01-01,Box-Clustering.ipynb,538,538,0
2019-01-01,utils.py,17,9,8
2019-01-01,yolov3.py,7,2,5
2019-01-01,README.md,6,4,2
2019-01-01,README.md,8,1,7
2019-01-01,put_log_here.txt,0,0,0
2019-01-01,events.out.tfevents.1547899399.yang-TM1604,0,0,0
2019-01-01,put_data_here.txt,0,0,0
2019-01-01,put_tfrecords_here.txt,0,0,0
2019-01-01,000000103280.jpg,0,0,0
2019-01-01,000000166853.jpg,0,0,0
2019-01-01,000000183519.jpg,0,0,0
2019-01-01,000000189737.jpg,0,0,0
2019-01-01,000000196853.jpg,0,0,0
2019-01-01,000000295032.jpg,0,0,0
2019-01-01,000000304519.jpg,0,0,0
2019-01-01,000000343606.jpg,0,0,0
2019-01-01,000000371648.jpg,0,0,0
2019-01-01,000000372428.jpg,0,0,0
2019-01-01,000000385417.jpg,0,0,0
2019-01-01,000000403078.jpg,0,0,0
2019-01-01,000000454907.jpg,0,0,0
2019-01-01,000000462023.jpg,0,0,0
2019-01-01,000000471095.jpg,0,0,0
2019-01-01,000000490221.jpg,0,0,0
2019-01-01,000000511393.jpg,0,0,0
2019-01-01,000000518627.jpg,0,0,0
2019-01-01,000000524144.jpg,0,0,0
2019-01-01,000000573841.jpg,0,0,0
2019-01-01,quick_train_data.txt,20,0,20
2019-01-01,put_tfrecords_here.txt,0,0,0
2019-01-01,common.cpython-35.pyc,0,0,0
2019-01-01,utils.cpython-35.pyc,0,0,0
2019-01-01,yolov3.cpython-35.pyc,0,0,0
2019-01-01,utils.py,25,0,25
2019-01-01,yolov3.py,272,120,152
2019-01-01,events.out.tfevents.1547899399.yang-TM1604,0,0,0
2019-01-01,train.py,15,7,8
2019-01-01,yolov2_loss.png,0,0,0
2019-01-01,README.md,2,2,0
2019-01-01,yolov2_loss.png,0,0,0
2019-01-01,train.py,3,2,1
2019-01-01,README.md,2,2,0
2019-01-01,README.md,2,2,0
2019-01-01,README.md,2,2,0
2019-01-01,README.md,2,1,1
2019-01-01,README.md,15,15,0
2019-01-01,README.md,2,1,1
2019-01-01,README.md,4,4,0
2019-01-01,video_demo.py,2,1,1
2019-01-01,yolov3.py,19,10,9
2019-01-01,quick_train.py,27,17,10
2019-01-01,yolov3.py,35,18,17
2019-01-01,quick_train.py,81,6,75
2019-01-01,convert_weight.py,3,1,2
2019-01-01,train.py,38,14,24
2019-01-01,yolov3.py,189,133,56
2019-01-01,nms_demo.py,2,1,1
2019-01-01,utils.py,4,2,2
2019-01-01,quick_train.py,119,96,23
2019-01-01,train.py,2,1,1
2019-01-01,train.py,5,3,2
2019-01-01,extract_voc.py,56,56,0
2019-01-01,utils.py,2,2,0
2019-01-01,train.py,28,19,9
2019-01-01,extract_kangaroo.py,97,97,0
2019-01-01,train.py,20,10,10
2019-01-01,train.py,26,18,8
2019-01-01,utils.py,2,2,0
2019-01-01,yolov3.py,2,1,1
2019-01-01,test.py,32,11,21
2019-01-01,train.py,8,4,4
2019-01-01,extract_voc.py,56,56,0
2019-01-01,test.py,32,11,21
2019-01-01,train.py,2,1,1
2019-01-01,train.py,10,5,5
2019-01-01,yolov3.py,2,1,1
2019-01-01,yolov3.py,2,1,1
2019-01-01,train.py,2,1,1
2018-12-01,convert_weight.py,9,5,4
2018-12-01,nms_demo.py,6,4,2
2018-12-01,utils.py,2,1,1
2018-12-01,utils.py,4,2,2
2018-12-01,README.md,2,1,1
2018-12-01,convert_weight.py,2,1,1
2018-12-01,README.md,2,1,1
2018-12-01,quick_train.py,1,1,0
2018-12-01,quick_train.py,28,5,23
2018-12-01,quick_train.py,2,1,1
2018-12-01,quick_train.py,51,28,23
2018-12-01,utils.py,3,1,2
2018-12-01,common.cpython-35.pyc,0,0,0
2018-12-01,utils.cpython-35.pyc,0,0,0
2018-12-01,yolov3.cpython-35.pyc,0,0,0
2018-12-01,utils.py,90,64,26
2018-12-01,test.py,49,49,0
2018-12-01,train.py,30,19,11
2018-12-01,checkpoint,5,2,3
2018-12-01,common.cpython-35.pyc,0,0,0
2018-12-01,utils.cpython-35.pyc,0,0,0
2018-12-01,yolov3.cpython-35.pyc,0,0,0
2018-12-01,utils.py,41,40,1
2018-12-01,yolov3.py,39,10,29
2018-12-01,train.py,41,24,17
2018-12-01,README.md,2,1,1
2018-12-01,README.md,10,9,1
2018-12-01,README.md,2,1,1
2018-12-01,README.md,18,11,7
2018-12-01,utils.cpython-35.pyc,0,0,0
2018-12-01,put_tfrecords_here.txt,0,0,0
2018-12-01,train2017.txt,117266,0,117266
2018-12-01,train.py,2,1,1
2018-12-01,nms_demo.py,1,0,1
2018-12-01,checkpoint,5,3,2
2018-12-01,train.py,10,5,5
2018-12-01,train.py,5,2,3
2018-12-01,train.py,6,3,3
2018-12-01,checkpoint,5,2,3
2018-12-01,611_result.jpg,0,0,0
2018-12-01,checkpoint,5,3,2
2018-12-01,convert_weight.py,2,1,1
2018-12-01,extract_coco.py,6,3,3
2018-12-01,put_log_here.txt,0,0,0
2018-12-01,put_data_here.txt,0,0,0
2018-12-01,train2017.txt,117266,117266,0
2018-12-01,611_result.jpg,0,0,0
2018-12-01,nms_demo.py,5,3,2
2018-12-01,quick_train.py,46,23,23
2018-12-01,train.py,57,57,0
2018-12-01,quick_train_data0000.tfrecords,0,0,0
2018-12-01,quick_train_data0001.tfrecords,0,0,0
2018-12-01,quick_train_data0002.tfrecords,0,0,0
2018-12-01,quick_train_data0003.tfrecords,0,0,0
2018-12-01,common.cpython-35.pyc,0,0,0
2018-12-01,utils.cpython-35.pyc,0,0,0
2018-12-01,yolov3.cpython-35.pyc,0,0,0
2018-12-01,convert_tfrecord.py,4,2,2
2018-12-01,000000103280.jpg,0,0,0
2018-12-01,000000166853.jpg,0,0,0
2018-12-01,000000183519.jpg,0,0,0
2018-12-01,000000189737.jpg,0,0,0
2018-12-01,000000196853.jpg,0,0,0
2018-12-01,000000295032.jpg,0,0,0
2018-12-01,000000304519.jpg,0,0,0
2018-12-01,000000343606.jpg,0,0,0
2018-12-01,000000371648.jpg,0,0,0
2018-12-01,000000372428.jpg,0,0,0
2018-12-01,000000385417.jpg,0,0,0
2018-12-01,000000403078.jpg,0,0,0
2018-12-01,000000454907.jpg,0,0,0
2018-12-01,000000462023.jpg,0,0,0
2018-12-01,000000471095.jpg,0,0,0
2018-12-01,000000490221.jpg,0,0,0
2018-12-01,000000511393.jpg,0,0,0
2018-12-01,000000518627.jpg,0,0,0
2018-12-01,000000524144.jpg,0,0,0
2018-12-01,000000573841.jpg,0,0,0
2018-12-01,quick_train_data.txt,40,20,20
2018-12-01,put_tfrecords_here.txt,0,0,0
2018-12-01,quick_train_data0000.tfrecords,0,0,0
2018-12-01,quick_train_data0001.tfrecords,0,0,0
2018-12-01,quick_train_data0002.tfrecords,0,0,0
2018-12-01,quick_train_data0003.tfrecords,0,0,0
2018-12-01,quick_train.py,48,24,24
2018-12-01,train.py,10,0,10
2018-12-01,common.cpython-35.pyc,0,0,0
2018-12-01,utils.cpython-35.pyc,0,0,0
2018-12-01,yolov3.cpython-35.pyc,0,0,0
2018-12-01,yolov3.py,62,38,24
2018-12-01,quick_train.py,40,25,15
2018-12-01,README.md,2,1,1
2018-12-01,common.cpython-35.pyc,0,0,0
2018-12-01,utils.cpython-35.pyc,0,0,0
2018-12-01,yolov3.cpython-35.pyc,0,0,0
2018-12-01,yolov3.py,27,14,13
2018-12-01,quick_train.py,2,1,1
2018-12-01,common.cpython-35.pyc,0,0,0
2018-12-01,utils.cpython-35.pyc,0,0,0
2018-12-01,yolov3.cpython-35.pyc,0,0,0
2018-12-01,utils.py,2,1,1
2018-12-01,requirements.txt,0,0,0
2018-12-01,requirements.txt,0,0,0
2018-12-01,quick_train_data0000.tfrecords,0,0,0
2018-12-01,quick_train_data0001.tfrecords,0,0,0
2018-12-01,quick_train_data0002.tfrecords,0,0,0
2018-12-01,quick_train_data0003.tfrecords,0,0,0
2018-12-01,common.cpython-35.pyc,0,0,0
2018-12-01,utils.cpython-35.pyc,0,0,0
2018-12-01,yolov3.cpython-35.pyc,0,0,0
2018-12-01,utils.py,162,78,84
2018-12-01,quick_train_data0000.tfrecords,0,0,0
2018-12-01,quick_train_data0001.tfrecords,0,0,0
2018-12-01,quick_train_data0002.tfrecords,0,0,0
2018-12-01,quick_train_data0003.tfrecords,0,0,0
2018-12-01,quick_train.py,11,4,7
2018-12-01,README.md,2,1,1
2018-12-01,README.md,7,4,3
2018-12-01,convert_weight.py,2,1,1
2018-12-01,common.cpython-35.pyc,0,0,0
2018-12-01,utils.cpython-35.pyc,0,0,0
2018-12-01,yolov3.cpython-35.pyc,0,0,0
2018-12-01,convert_tfrecord.py,2,1,1
2018-12-01,extract_coco.py,0,0,0
2018-12-01,yolov3.py,14,5,9
2018-12-01,put_tfrecords_here.txt,0,0,0
2018-12-01,quick_train_data0000.tfrecords,0,0,0
2018-12-01,quick_train_data0001.tfrecords,0,0,0
2018-12-01,quick_train_data0002.tfrecords,0,0,0
2018-12-01,quick_train_data0003.tfrecords,0,0,0
2018-12-01,quick_train.py,8,2,6
2018-12-01,test.py,129,14,115
2018-12-01,train.py,9,9,0
2018-12-01,README.md,4,2,2
2018-12-01,README.md,5,3,2
2018-12-01,yolov3.cpython-35.pyc,0,0,0
2018-12-01,config.py,36,0,36
2018-12-01,yolov3.py,35,17,18
2018-12-01,quick_train.py,80,35,45
2018-12-01,train.py,28,1,27
2018-12-01,README.md,4,2,2
2018-12-01,convert_tfrecord.py,5,2,3
2018-12-01,common.cpython-35.pyc,0,0,0
2018-12-01,utils.cpython-35.pyc,0,0,0
2018-12-01,yolov3.cpython-35.pyc,0,0,0
2018-12-01,utils.py,45,44,1
2018-12-01,000000103280.jpg,0,0,0
2018-12-01,000000166853.jpg,0,0,0
2018-12-01,000000183519.jpg,0,0,0
2018-12-01,000000189737.jpg,0,0,0
2018-12-01,000000196853.jpg,0,0,0
2018-12-01,000000295032.jpg,0,0,0
2018-12-01,000000304519.jpg,0,0,0
2018-12-01,000000343606.jpg,0,0,0
2018-12-01,000000371648.jpg,0,0,0
2018-12-01,000000372428.jpg,0,0,0
2018-12-01,000000385417.jpg,0,0,0
2018-12-01,000000403078.jpg,0,0,0
2018-12-01,000000454907.jpg,0,0,0
2018-12-01,000000462023.jpg,0,0,0
2018-12-01,000000471095.jpg,0,0,0
2018-12-01,000000490221.jpg,0,0,0
2018-12-01,000000511393.jpg,0,0,0
2018-12-01,000000518627.jpg,0,0,0
2018-12-01,000000524144.jpg,0,0,0
2018-12-01,000000573841.jpg,0,0,0
2018-12-01,quick_train_data.txt,40,20,20
2018-12-01,quick_train_data0000.tfrecords,0,0,0
2018-12-01,quick_train_data0001.tfrecords,0,0,0
2018-12-01,quick_train_data0002.tfrecords,0,0,0
2018-12-01,quick_train_data0003.tfrecords,0,0,0
2018-12-01,train_0001.tfrecords,0,0,0
2018-12-01,train_0002.tfrecords,0,0,0
2018-12-01,train_0003.tfrecords,0,0,0
2018-12-01,nms_demo.py,2,1,1
2018-12-01,quick_train.py,66,34,32
2018-12-01,train.py,38,8,30
2018-12-01,extract_coco.py,1,0,1
2018-12-01,train.py,18,14,4
2018-12-01,utils.py,56,35,21
2018-12-01,convert_tfrecord.py,59,59,0
2018-12-01,common.cpython-35.pyc,0,0,0
2018-12-01,utils.cpython-35.pyc,0,0,0
2018-12-01,yolov3.cpython-35.pyc,0,0,0
2018-12-01,utils.py,4,2,2
2018-12-01,yolov3.py,2,1,1
2018-12-01,extract_coco.py,1,1,0
2018-12-01,train_0000.tfrecords,0,0,0
2018-12-01,train_0001.tfrecords,0,0,0
2018-12-01,train_0002.tfrecords,0,0,0
2018-12-01,train_0003.tfrecords,0,0,0
2018-12-01,loss.py,190,0,190
2018-12-01,train.py,39,38,1
2018-12-01,yolov3.cpython-35.pyc,0,0,0
2018-12-01,yolov3.py,45,23,22
2018-12-01,quick_train.py,4,2,2
2018-12-01,common.cpython-35.pyc,0,0,0
2018-12-01,utils.cpython-35.pyc,0,0,0
2018-12-01,yolov3.cpython-35.pyc,0,0,0
2018-12-01,yolov3.py,29,16,13
2018-12-01,quick_train.py,4,2,2
2018-12-01,yolov3.cpython-35.pyc,0,0,0
2018-12-01,yolov3.py,83,43,40
2018-12-01,loss.py,190,190,0
2018-12-01,quick_train.py,4,2,2
2018-12-01,dataset.py,329,0,329
2018-12-01,quick_train.py,4,1,3
2018-12-01,train.py,50,1,49
2018-12-01,common.cpython-35.pyc,0,0,0
2018-12-01,utils.cpython-35.pyc,0,0,0
2018-12-01,yolov3.cpython-35.pyc,0,0,0
2018-12-01,utils.py,30,16,14
2018-12-01,yolov3.py,152,98,54
2018-12-01,quick_train.py,44,40,4
2018-12-01,train.py,3,3,0
2018-12-01,convert_weight.py,2,1,1
2018-12-01,convert_weight.py,2,1,1
2018-12-01,README.md,2,1,1
2018-12-01,README.md,4,2,2
2018-12-01,README.md,2,1,1
2018-12-01,README.md,2,1,1
2018-12-01,common.cpython-35.pyc,0,0,0
2018-12-01,config.cpython-35.pyc,0,0,0
2018-12-01,dataset.cpython-35.pyc,0,0,0
2018-12-01,utils.cpython-35.pyc,0,0,0
2018-12-01,yolov3.cpython-35.pyc,0,0,0
2018-12-01,utils.py,140,133,7
2018-12-01,yolov3.py,12,7,5
2018-12-01,yolo_anchors.txt,1,1,0
2018-12-01,nms_demo.py,4,2,2
2018-12-01,quick_train.py,32,15,17
2018-12-01,test.py,115,115,0
2018-12-01,train.py,2,1,1
2018-12-01,video_demo.py,2,1,1
2018-12-01,convert_weight.py,4,2,2
2018-12-01,convert_weight.py,10,8,2
2018-12-01,quick_train.py,28,11,17
2018-12-01,README.md,2,1,1
2018-12-01,README.md,26,23,3
2018-12-01,convert_weight.py,2,1,1
2018-12-01,common.cpython-35.pyc,0,0,0
2018-12-01,utils.cpython-35.pyc,0,0,0
2018-12-01,yolov3.cpython-35.pyc,0,0,0
2018-12-01,utils.py,14,13,1
2018-12-01,extract_coco.py,73,73,0
2018-12-01,quick_train_data.txt,20,20,0
2018-12-01,000000103280.jpg,0,0,0
2018-12-01,000000166853.jpg,0,0,0
2018-12-01,000000183519.jpg,0,0,0
2018-12-01,000000189737.jpg,0,0,0
2018-12-01,000000196853.jpg,0,0,0
2018-12-01,000000295032.jpg,0,0,0
2018-12-01,000000304519.jpg,0,0,0
2018-12-01,000000343606.jpg,0,0,0
2018-12-01,000000371648.jpg,0,0,0
2018-12-01,000000372428.jpg,0,0,0
2018-12-01,000000385417.jpg,0,0,0
2018-12-01,000000403078.jpg,0,0,0
2018-12-01,000000454907.jpg,0,0,0
2018-12-01,000000462023.jpg,0,0,0
2018-12-01,000000471095.jpg,0,0,0
2018-12-01,000000490221.jpg,0,0,0
2018-12-01,000000511393.jpg,0,0,0
2018-12-01,000000518627.jpg,0,0,0
2018-12-01,000000524144.jpg,0,0,0
2018-12-01,000000573841.jpg,0,0,0
2018-12-01,nms_demo.py,2,1,1
2018-12-01,quick_train.py,45,45,0
2018-12-01,video_demo.py,4,2,2
2018-12-01,README.md,2,1,1
2018-12-01,README.md,1,1,0
2018-12-01,yolov3.py,30,15,15
2018-12-01,yolov3.py,19,15,4
2018-12-01,README.md,1,1,0
2018-12-01,test.py,3,2,1
2018-12-01,README.md,4,3,1
2018-12-01,train.py,18,9,9
2018-12-01,README.md,4,3,1
2018-12-01,common.cpython-35.pyc,0,0,0
2018-12-01,utils.cpython-35.pyc,0,0,0
2018-12-01,yolov3.cpython-35.pyc,0,0,0
2018-12-01,config.py,36,36,0
2018-12-01,dataset.py,329,329,0
2018-12-01,yolov3.py,76,62,14
2018-12-01,nms_demo.py,1,1,0
2018-12-01,train.py,67,36,31
2018-12-01,convert_weight.py,7,4,3
2018-12-01,common.cpython-35.pyc,0,0,0
2018-12-01,utils.cpython-35.pyc,0,0,0
2018-12-01,yolov3.cpython-35.pyc,0,0,0
2018-12-01,yolov3.py,63,36,27
2018-12-01,nms_demo.py,4,2,2
2018-12-01,test.py,2,1,1
2018-12-01,README.md,2,1,1
2018-12-01,README.md,2,1,1
2018-12-01,README.md,2,1,1
2018-12-01,README.md,2,1,1
2018-12-01,README.md,2,1,1
2018-12-01,README.md,2,1,1
2018-12-01,README.md,2,1,1
2018-12-01,README.md,3,2,1
2018-12-01,README.md,2,1,1
2018-12-01,README.md,2,1,1
2018-12-01,convert_weight.py,19,10,9
2018-12-01,common.cpython-35.pyc,0,0,0
2018-12-01,utils.cpython-35.pyc,0,0,0
2018-12-01,yolov3.cpython-35.pyc,0,0,0
2018-12-01,utils.py,24,0,24
2018-12-01,yolov3.py,68,50,18
2018-12-01,nms_demo.py,4,2,2
2018-12-01,test.py,2,1,1
2018-12-01,README.md,2,1,1
2018-12-01,README.md,2,1,1
2018-12-01,README.md,2,1,1
2018-12-01,car.jpg,0,0,0
2018-12-01,.jpg,0,0,0
2018-12-01,README.md,2,1,1
2018-12-01,README.md,7,4,3
2018-12-01,README.md,4,2,2
2018-12-01,README.md,28,9,19
2018-12-01,README.md,18,12,6
2018-12-01,README.md,54,54,0
2018-12-01,yolov3.py,5,4,1
2018-12-01,iou.png,0,0,0
2018-12-01,levio.jpeg,0,0,0
2018-12-01,probability_extraction.png,0,0,0
2018-12-01,common.cpython-35.pyc,0,0,0
2018-12-01,utils.cpython-35.pyc,0,0,0
2018-12-01,yolov3.cpython-35.pyc,0,0,0
2018-12-01,project_video.mp4,0,0,0
2018-12-01,road.mp4,0,0,0
2018-12-01,YOLOv3.pdf,0,0,0
2018-12-01,test.py,2,1,1
2018-12-01,README.md,2,1,1
2018-12-01,README.md,4,2,2
2018-12-01,README.md,4,1,3
2018-12-01,README.md,2,1,1
2018-12-01,README.md,1,1,0
2018-12-01,611.jpg,0,0,0
2018-12-01,611_result.jpg,0,0,0
2018-12-01,README.md,3,3,0
2018-12-01,convert_weight.py,4,2,2
2018-12-01,611.jpg,0,0,0
2018-12-01,611_result.jpg,0,0,0
2018-12-01,result.jpg,0,0,0
2018-12-01,nms_demo.py,11,5,6
2018-12-01,convert_weight.py,6,2,4
2018-12-01,README.md,22,20,2
2018-12-01,requirement.txt,1,1,0
2018-12-01,.gitignore,0,0,0
2018-12-01,LICENSE,0,0,0
2018-12-01,README.md,11,10,1
2018-12-01,convert_weight.py,118,118,0
2018-12-01,__init__.cpython-35.pyc,0,0,0
2018-12-01,common.cpython-35.pyc,0,0,0
2018-12-01,utils.cpython-35.pyc,0,0,0
2018-12-01,yolo_v3.cpython-35.pyc,0,0,0
2018-12-01,yolov3.cpython-35.pyc,0,0,0
2018-12-01,freeze_graph.py,108,0,108
2018-12-01,utils.py,86,69,17
2018-12-01,yolov3.py,26,14,12
2018-12-01,yolov3-arch.png,0,0,0
2018-12-01,yolov3.png,0,0,0
2018-12-01,requirement.txt,4,4,0
2018-12-01,nms_demo.py,34,14,20
2018-12-01,test.py,70,33,37
2018-12-01,train.py,57,57,0
2018-12-01,video.py,0,0,0
2018-12-01,video_demo.py,68,0,68
2018-11-01,freeze_graph.py,2,1,1
2018-11-01,freeze_graph.py,15,10,5
2018-11-01,checkpoint,2,2,0
2018-11-01,common.cpython-35.pyc,0,0,0
2018-11-01,darknet53.cpython-35.pyc,0,0,0
2018-11-01,utils.cpython-35.pyc,0,0,0
2018-11-01,yolo_v3.cpython-35.pyc,0,0,0
2018-11-01,yolov3.cpython-35.pyc,0,0,0
2018-11-01,common.py,30,17,13
2018-11-01,demo.py,47,0,47
2018-11-01,freeze_graph.py,103,103,0
2018-11-01,test.py,79,0,79
2018-11-01,utils.cpython-35.pyc,0,0,0
2018-11-01,utils.py,150,0,150
2018-11-01,utils.py,367,204,163
2018-11-01,yolov3.py,116,41,75
2018-11-01,coco.names,0,0,0
2018-11-01,dog.jpg,0,0,0
2018-11-01,project_video.mp4,0,0,0
2018-11-01,road.jpeg,0,0,0
2018-11-01,test_video.mp4,0,0,0
2018-11-01,FiraMono-Medium.otf,0,0,0
2018-11-01,SIL Open Font License.txt,0,0,0
2018-11-01,YOLOv3.pdf,0,0,0
2018-11-01,darknet53.png,0,0,0
2018-11-01,yolov3,0,0,0
2018-11-01,yolov3-arch.png,0,0,0
2018-11-01,nms_demo.py,58,58,0
2018-11-01,test.py,59,59,0
2018-11-01,train.py,0,0,0
2018-11-01,video.py,0,0,0
2018-11-01,video_demo.py,0,0,0
2018-11-01,common.cpython-35.pyc,0,0,0
2018-11-01,darknet53.cpython-35.pyc,0,0,0
2018-11-01,utils.cpython-35.pyc,0,0,0
2018-11-01,yolo_v3.cpython-35.pyc,0,0,0
2018-11-01,yolov3.cpython-35.pyc,0,0,0
2018-11-01,common.py,43,43,0
2018-11-01,demo.py,47,47,0
2018-11-01,darknet53.png,0,0,0
2018-11-01,yolov3-arch.png,0,0,0
2018-11-01,test.py,79,79,0
2018-11-01,utils.cpython-35.pyc,0,0,0
2018-11-01,utils.py,150,150,0
2018-11-01,utils.py,192,192,0
2018-11-01,video_demo.py,68,68,0
2018-11-01,yolov3.py,234,234,0
2018-11-01,coco.names,80,80,0
2018-11-01,dog.jpg,0,0,0
2018-11-01,FiraMono-Medium.otf,0,0,0
2018-11-01,SIL Open Font License.txt,45,45,0
2018-11-01,project_video.mp4,0,0,0
2018-11-01,road.jpeg,0,0,0
2018-11-01,test_video.mp4,0,0,0
2018-11-01,test.py,0,0,0
2018-11-01,train.py,0,0,0
2018-11-01,.gitignore,18,18,0
2018-11-01,LICENSE,21,21,0
2018-11-01,README.md,1,1,0
